# wavenlength / nm,    wavenumber / 10^3 cm-1, norm. transient absorption
3.507587941265592235e+02,2.850962019327687713e+01,1.548656445768272327e+00
3.517059736572107909e+02,2.843284092111119676e+01,1.543197609483179189e+00
3.526531531878623582e+02,2.835647408680019765e+01,1.562111330899294215e+00
3.536003327185139256e+02,2.828051637598591128e+01,1.557135571368642113e+00
3.545475122491654929e+02,2.820496450972781233e+01,1.587033624867709714e+00
3.554946917798170603e+02,2.812981524403100053e+01,1.637587113996799237e+00
3.564418713104686276e+02,2.805506536938187878e+01,1.672549992898930249e+00
3.573890508411201381e+02,2.798071171029123505e+01,1.731468067666108057e+00
3.583362303717717054e+02,2.790675112484456122e+01,1.761906594542947513e+00
3.592834099024232728e+02,2.783318050425949508e+01,1.815098790469722889e+00
3.602305894330748401e+02,2.775999677245022568e+01,1.856179029831938720e+00
3.611777689637264075e+02,2.768719688559877667e+01,1.835205118190833096e+00
3.621249484943779180e+02,2.761477783173299372e+01,1.872967618846435478e+00
3.630721280250294853e+02,2.754273663031115404e+01,1.851714201419669914e+00
3.640193075556810527e+02,2.747107033181304914e+01,1.809422197550474065e+00
3.649664870863326200e+02,2.739977601733746582e+01,1.827913132598523616e+00
3.659136666169841874e+02,2.732885079820585617e+01,1.806822226823949995e+00
3.668608461476356979e+02,2.725829181557222824e+01,1.823354114936745818e+00
3.678080256782873221e+02,2.718809624003896985e+01,1.835559649865857956e+00
3.687552052089388326e+02,2.711826127127871189e+01,1.817105135754817802e+00
3.697023847395903999e+02,2.704878413766187251e+01,1.864752980028519858e+00
3.706495642702419673e+02,2.697966209589002418e+01,1.901579869338644979e+00
3.715967438008935346e+02,2.691089243063478520e+01,1.882125076352254789e+00
3.725439233315451020e+02,2.684247245418229610e+01,1.927397896319533954e+00
3.734911028621966125e+02,2.677439950608302155e+01,1.934265146990608253e+00
3.744382823928481798e+02,2.670667095280693815e+01,1.901536529204244097e+00
3.753854619234997472e+02,2.663928418740391280e+01,1.898179459089020416e+00
3.763326414541513145e+02,2.657223662916920404e+01,1.881129721768498797e+00
3.772798209848028819e+02,2.650552572331401535e+01,1.827611608528969311e+00
3.782270005154543924e+02,2.643914894064100451e+01,1.816215254889534503e+00
3.791741800461059597e+02,2.637310377722460686e+01,1.788111396738913950e+00
3.801213595767575271e+02,2.630738775409622932e+01,1.746777544830985684e+00
3.810685391074090944e+02,2.624199841693404878e+01,1.704058132002702175e+00
3.820157186380606618e+02,2.617693333575747872e+01,1.659354685438667154e+00
3.829628981687122291e+02,2.611219010462615131e+01,1.600724748470772063e+00
3.839100776993637965e+02,2.604776634134335467e+01,1.522970381189995059e+00
3.848572572300153070e+02,2.598365968716385765e+01,1.459893897552418496e+00
3.858044367606668743e+02,2.591986780650602640e+01,1.357018460802413840e+00
3.867516162913184417e+02,2.585638838666819339e+01,1.258583548930517715e+00
3.876987958219700090e+02,2.579321913754915840e+01,1.164058512214142915e+00
3.886459753526215763e+02,2.573035779137277856e+01,1.080392521583257492e+00
3.895931548832730869e+02,2.566780210241661919e+01,9.679517306050143821e-01
3.905403344139246542e+02,2.560554984674446288e+01,8.698508875611909996e-01
3.914875139445762215e+02,2.554359882194281894e+01,7.731752135222774713e-01
3.924346934752277889e+02,2.548194684686114186e+01,6.522874297213706596e-01
3.933818730058793562e+02,2.542059176135587606e+01,5.559680180767163638e-01
3.943290525365308667e+02,2.535953142603814214e+01,4.578344476496400972e-01
3.952762320671824909e+02,2.529876372202507184e+01,3.787191005044343028e-01
3.962234115978340014e+02,2.523828655069473825e+01,2.734089978349297234e-01
3.971705911284855688e+02,2.517809783344451446e+01,1.782089777843874068e-01
3.981177706591371361e+02,2.511819551145296714e+01,1.215335268053729378e-01
3.990649501897887035e+02,2.505857754544508254e+01,3.883474239306818065e-02
4.000121297204402708e+02,2.499924191546086760e+01,-1.272660291562336364e-02
4.009593092510917813e+02,2.494018662062719116e+01,-8.307843669338683956e-02
4.019064887817433487e+02,2.488140967893288646e+01,-1.076685464514135909e-01
4.028536683123949160e+02,2.482290912700700503e+01,-1.674368555539968717e-01
4.038008478430464834e+02,2.476468301990020748e+01,-2.077778841033007251e-01
4.047480273736980507e+02,2.470672943086920270e+01,-2.457427631595033302e-01
4.056952069043495612e+02,2.464904645116424220e+01,-2.647895730460222419e-01
4.066423864350011854e+02,2.459163218981951005e+01,-2.709196154465338124e-01
4.075895659656526959e+02,2.453448477344656453e+01,-3.134022993359495413e-01
4.085367454963042633e+02,2.447760234603049412e+01,-3.275100788001725216e-01
4.094839250269558306e+02,2.442098306872903990e+01,-3.357211085787614735e-01
4.104311045576073980e+02,2.436462511967442168e+01,-3.248646097660269905e-01
4.113782840882589653e+02,2.430852669377792097e+01,-3.354158193170376223e-01
4.123254636189104758e+02,2.425268600253717111e+01,-3.362100684944556162e-01
4.132726431495620432e+02,2.419710127384606935e+01,-3.166008699683728889e-01
4.142198226802136105e+02,2.414177075180733212e+01,-3.069244373380677349e-01
4.151670022108651779e+02,2.408669269654758338e+01,-3.024394217575843702e-01
4.161141817415167452e+02,2.403186538403498673e+01,-2.855530648362635260e-01
4.170613612721682557e+02,2.397728710589937151e+01,-2.563506680926327941e-01
4.180085408028198231e+02,2.392295616925476409e+01,-2.305820831743221333e-01
4.189557203334713904e+02,2.386887089652437410e+01,-2.181058193766340636e-01
4.199028998641229578e+02,2.381502962526792544e+01,-1.971834613832954552e-01
4.208500793947745251e+02,2.376143070801132495e+01,-1.684344493650239416e-01
4.217972589254260356e+02,2.370807251207861555e+01,-1.353328957146090750e-01
4.227444384560776598e+02,2.365495341942619234e+01,-1.068669617921798876e-01
4.236916179867291703e+02,2.360207182647927482e+01,-9.260762776921389883e-02
4.246387975173807376e+02,2.354942614397049638e+01,-5.816959361949828461e-02
4.255859770480323050e+02,2.349701479678073213e+01,-1.647052541420125985e-02
4.265331565786838723e+02,2.344483622378198362e+01,4.382104003300632718e-03
4.274803361093354397e+02,2.339288887768238467e+01,1.681483909514697520e-02
4.284275156399868933e+02,2.334117122487325702e+01,4.285581222676051322e-02
4.293746951706385175e+02,2.328968174527817325e+01,7.376899239280222675e-02
4.303218747012900849e+02,2.323841893220405197e+01,9.184480377370778104e-02
4.312690542319416522e+02,2.318738129219417843e+01,9.714843356407444619e-02
4.322162337625932196e+02,2.313656734488315792e+01,1.061218077615031646e-01
4.331634132932447301e+02,2.308597562285381599e+01,1.099843329057410973e-01
4.341105928238963543e+02,2.303560467149589641e+01,1.317651785208367177e-01
4.350577723545478648e+02,2.298545304886670593e+01,1.367803205396169453e-01
4.360049518851994321e+02,2.293551932555346440e+01,1.172933135322665466e-01
4.369521314158509995e+02,2.288580208453753073e+01,1.263118758850586554e-01
4.378993109465025668e+02,2.283629992106035544e+01,1.412573769559645753e-01
4.388464904771541342e+02,2.278701144249116339e+01,1.365936551596257653e-01
4.397936700078056447e+02,2.273793526819637023e+01,1.331502043253331713e-01
4.407408495384572120e+02,2.268907002941065443e+01,1.174443509113999862e-01
4.416880290691087225e+02,2.264041436910971683e+01,1.064567636079224028e-01
4.426352085997603467e+02,2.259196694188464605e+01,1.161309221859256058e-01
4.435823881304119141e+02,2.254372641381792164e+01,1.197336072526556383e-01
4.445295676610633677e+02,2.249569146236097694e+01,1.086069650791084140e-01
4.454767471917150488e+02,2.244786077621332510e+01,8.651912063249636575e-02
4.464239267223665024e+02,2.240023305520327668e+01,9.331755302534197605e-02
4.473711062530181266e+02,2.235280701017006422e+01,8.339942291969060228e-02
4.483182857836697508e+02,2.230558136284758319e+01,8.164712226200199208e-02
4.492654653143212045e+02,2.225855484574952570e+01,7.501490323027321105e-02
4.502126448449728287e+02,2.221172620205596715e+01,5.306095127955465923e-02
4.511598243756243392e+02,2.216509418550143451e+01,4.756995712151832617e-02
4.521070039062759065e+02,2.211865756026432095e+01,4.929950187175913962e-02
4.530541834369274170e+02,2.207241510085771807e+01,4.645298058710404382e-02
4.540013629675790412e+02,2.202636559202161592e+01,2.642264945191880390e-02
4.549485424982306085e+02,2.198050782861644592e+01,6.015670174440799350e-03
4.558957220288821190e+02,2.193484061551793829e+01,-6.427262003055849403e-03
4.568429015595337432e+02,2.188936276751329757e+01,-5.945346074474208709e-03
4.577900810901852537e+02,2.184407310919868195e+01,-1.772871332223475288e-02
4.587372606208368211e+02,2.179897047487792250e+01,-3.218242310297227127e-02
4.596844401514883316e+02,2.175405370846251429e+01,-4.984817200474738613e-02
4.606316196821398989e+02,2.170932166337284386e+01,-6.791590040332314004e-02
4.615787992127915800e+02,2.166477320244060678e+01,-7.419030459923178777e-02
4.625259787434430905e+02,2.162040719781248299e+01,-6.688495121952438283e-02
4.634731582740946010e+02,2.157622253085490271e+01,-8.460441800576876115e-02
4.644203378047461683e+02,2.153221809206005943e+01,-1.089806753620342766e-01
4.653675173353976220e+02,2.148839278095304550e+01,-1.160869070251434598e-01
4.663146968660493030e+02,2.144474550600007845e+01,-1.291423631131098648e-01
4.672618763967008135e+02,2.140127518451793520e+01,-1.342207813283128881e-01
4.682090559273523240e+02,2.135798074258437040e+01,-1.566676915005733861e-01
4.691562354580038914e+02,2.131486111494971425e+01,-1.632667511300046892e-01
4.701034149886555156e+02,2.127191524494949348e+01,-1.831823347530265322e-01
4.710505945193070829e+02,2.122914208441812534e+01,-1.911152464805671303e-01
4.719977740499585934e+02,2.118654059360362751e+01,-2.081237177584987774e-01
4.729449535806101608e+02,2.114410974108336561e+01,-2.169081062799839144e-01
4.738921331112617281e+02,2.110184850368084142e+01,-2.349829666471227041e-01
4.748393126419132386e+02,2.105975586638341213e+01,-2.458070955281413117e-01
4.757864921725648628e+02,2.101783082226105037e+01,-2.598040166781767080e-01
4.767336717032163733e+02,2.097607237238605293e+01,-2.950199641616937374e-01
4.776808512338680544e+02,2.093447952575368021e+01,-3.222435943161428007e-01
4.786280307645195080e+02,2.089305129920379756e+01,-3.230194559396220022e-01
4.795752102951710754e+02,2.085178671734336575e+01,-3.460413328010640832e-01
4.805223898258225859e+02,2.081068481246992619e+01,-3.601945173823593582e-01
4.814695693564742101e+02,2.076974462449592806e+01,-3.864068414945884822e-01
4.824167488871257774e+02,2.072896520087399708e+01,-4.239628982898004939e-01
4.833639284177772879e+02,2.068834559652303895e+01,-4.563414433562478778e-01
4.843111079484289121e+02,2.064788487375522763e+01,-4.641696282355841641e-01
4.852582874790804226e+02,2.060758210220387454e+01,-4.969055990529760436e-01
4.862054670097319899e+02,2.056743635875208653e+01,-5.120100676844289156e-01
4.871526465403835005e+02,2.052744672746231203e+01,-5.460260919330026663e-01
4.880998260710350678e+02,2.048761229950666163e+01,-5.859246169348304445e-01
4.890470056016866920e+02,2.044793217309806721e+01,-6.156184780036071391e-01
4.899941851323382025e+02,2.040840545342224388e+01,-6.452924731885406606e-01
4.909413646629897130e+02,2.036903125257040159e+01,-6.805729233162859382e-01
4.918885441936413372e+02,2.032980868947277031e+01,-7.017400059215833652e-01
4.928357237242928477e+02,2.029073688983289259e+01,-7.157906533813702676e-01
4.937829032549444719e+02,2.025181498606263375e+01,-7.441754522680060768e-01
4.947300827855959824e+02,2.021304211721800215e+01,-7.728193735763690952e-01
4.956772623162476066e+02,2.017441742893562306e+01,-8.122675960773770854e-01
4.966244418468991171e+02,2.013594007337002978e+01,-8.267301798382965528e-01
4.975716213775506844e+02,2.009760920913159055e+01,-8.305936090892190871e-01
4.985188009082021949e+02,2.005942400122520297e+01,-8.339303420246962917e-01
4.994659804388537623e+02,2.002138362098964208e+01,-8.425924677156872988e-01
5.004131599695053296e+02,1.998348724603763316e+01,-8.559437986658094966e-01
5.013603395001569538e+02,1.994573406019657824e+01,-8.825229922358653889e-01
5.023075190308084643e+02,1.990812325344996836e+01,-8.837649617946347069e-01
5.032546985614600317e+02,1.987065402187943874e+01,-8.838768297003201102e-01
5.042018780921114853e+02,1.983332556760750975e+01,-8.738500613422367502e-01
5.051490576227631095e+02,1.979613709874092820e+01,-8.642941714707254031e-01
5.060962371534147337e+02,1.975908782931469432e+01,-8.550146031175007710e-01
5.070434166840662442e+02,1.972217697923667501e+01,-8.568265825690536408e-01
5.079905962147178116e+02,1.968540377423284582e+01,-8.668962196713637658e-01
5.089377757453693789e+02,1.964876744579317247e+01,-8.518648846250210793e-01
5.098849552760209463e+02,1.961226723111805370e+01,-8.380484300424998478e-01
5.108321348066724568e+02,1.957590237306539294e+01,-8.161475348392119855e-01
5.117793143373240810e+02,1.953967212009823129e+01,-7.987357040514269091e-01
5.127264938679755915e+02,1.950357572623299518e+01,-7.815031464290078667e-01
5.136736733986272156e+02,1.946761245098827686e+01,-7.759032994359359448e-01
5.146208529292787262e+02,1.943178155933420825e+01,-7.730532095725469732e-01
5.155680324599302367e+02,1.939608232164238544e+01,-7.677391655593180930e-01
5.165152119905818608e+02,1.936051401363632962e+01,-7.497694824509271161e-01
5.174623915212333713e+02,1.932507591634253785e+01,-7.341524082021902986e-01
5.184095710518849955e+02,1.928976731604199202e+01,-7.280225219743231557e-01
5.193567505825365060e+02,1.925458750422228960e+01,-6.982064213650963636e-01
5.203039301131880165e+02,1.921953577753021847e+01,nan
5.212511096438396407e+02,1.918461143772489663e+01,nan
5.221982891744911512e+02,1.914981379163141284e+01,nan
5.231454687051427754e+02,1.911514215109495396e+01,nan
5.240926482357942859e+02,1.908059583293544748e+01,nan
5.250398277664457964e+02,1.904617415890269072e+01,nan
5.259870072970974206e+02,1.901187645563195616e+01,nan
5.269341868277489311e+02,1.897770205460009407e+01,nan
5.278813663584005553e+02,1.894365029208207574e+01,nan
5.288285458890520658e+02,1.890972050910805891e+01,nan
5.297757254197035763e+02,1.887591205142084050e+01,nan
5.307229049503552005e+02,1.884222426943381734e+01,nan
5.316700844810067110e+02,1.880865651818940876e+01,nan
5.326172640116583352e+02,1.877520815731784509e+01,nan
5.335644435423098457e+02,1.874187855099649980e+01,nan
5.345116230729613562e+02,1.870866706790955902e+01,nan
5.354588026036129804e+02,1.867557308120818149e+01,nan
5.364059821342646046e+02,1.864259596847105982e+01,nan
5.373531616649161151e+02,1.860973511166539396e+01,nan
5.383003411955676256e+02,1.857698989710828030e+01,nan
5.392475207262192498e+02,1.854435971542850936e+01,nan
5.401947002568707603e+02,1.851184396152877554e+01,nan
5.411418797875223845e+02,1.847944203454825640e+01,nan
5.420890593181738950e+02,1.844715333782561473e+01,nan
5.430362388488254055e+02,1.841497727886237357e+01,nan
5.439834183794770297e+02,1.838291326928665015e+01,nan
5.449305979101285402e+02,1.835096072481734097e+01,nan
5.458777774407801644e+02,1.831911906522858047e+01,nan
5.468249569714316749e+02,1.828738771431465437e+01,nan
5.477721365020831854e+02,1.825576609985522580e+01,nan
5.487193160327348096e+02,1.822425365358093785e+01,nan
5.496664955633863201e+02,1.819284981113938571e+01,nan
5.506136750940379443e+02,1.816155401206140496e+01,-3.723792777861454906e-01
5.515608546246894548e+02,1.813036569972776135e+01,-3.284524315093071412e-01
5.525080341553409653e+02,1.809928432133611409e+01,-2.949335164269920595e-01
5.534552136859925895e+02,1.806830932786836641e+01,-2.825193602477382160e-01
5.544023932166442137e+02,1.803744017405836431e+01,-2.499083686436064378e-01
5.553495727472957242e+02,1.800667631835986526e+01,-2.172867776353571978e-01
5.562967522779472347e+02,1.797601722291489423e+01,-1.898800250124320077e-01
5.572439318085987452e+02,1.794546235352237673e+01,-1.598091853628285097e-01
5.581911113392503694e+02,1.791501117960713074e+01,-1.430126125207918375e-01
5.591382908699019936e+02,1.788466317418915352e+01,-1.193513634962420633e-01
5.600854704005535041e+02,1.785441781385321391e+01,-9.652312840388350967e-02
5.610326499312050146e+02,1.782427457871876086e+01,-8.658262088227386410e-02
5.619798294618565251e+02,1.779423295241014458e+01,-6.882918119827652337e-02
5.629270089925081493e+02,1.776429242202711123e+01,-5.585985644665878574e-02
5.638741885231597735e+02,1.773445247811564585e+01,-4.903003076622084594e-02
5.648213680538112840e+02,1.770471261463905321e+01,-2.699986988321637776e-02
5.657685475844627945e+02,1.767507232894934788e+01,-2.875360888437039977e-02
5.667157271151143050e+02,1.764553112175894611e+01,-1.677122040331273031e-02
5.676629066457659292e+02,1.761608849711263503e+01,-1.475703166974661092e-02
5.686100861764175534e+02,1.758674396235980453e+01,-1.204578225084385057e-02
5.695572657070690639e+02,1.755749702812699198e+01,-1.043393425265515782e-02
5.705044452377205744e+02,1.752834720829063997e+01,-1.771674502734590234e-02
5.714516247683720849e+02,1.749929401995020228e+01,-1.399273821807247783e-02
5.723988042990237091e+02,1.747033698340144525e+01,-1.794522103979455385e-02
5.733459838296753333e+02,1.744147562211007596e+01,-2.777604714101788996e-02
5.742931633603268438e+02,1.741270946268558362e+01,-3.297309326576608468e-02
5.752403428909783543e+02,1.738403803485534738e+01,-4.400406826378729791e-02
5.761875224216300921e+02,1.735546087143903193e+01,-3.684412691402715739e-02
5.771347019522816026e+02,1.732697750832320693e+01,-3.471511309193418826e-02
5.780818814829331131e+02,1.729858748443620442e+01,-4.661693753196149287e-02
5.790290610135846237e+02,1.727029034172326050e+01,-4.912900465715313442e-02
5.799762405442361342e+02,1.724208562512187370e+01,-6.414757418279476431e-02
5.809234200748877583e+02,1.721397288253739788e+01,-7.518808091141969407e-02
5.818705996055393825e+02,1.718595166481891567e+01,-8.382981924552684871e-02
5.828177791361908930e+02,1.715802152573528971e+01,-9.336340547904069254e-02
5.837649586668424035e+02,1.713018202195149442e+01,-1.092383457784005946e-01
5.847121381974939140e+02,1.710243271300513612e+01,-1.181379056494340496e-01
5.856593177281455382e+02,1.707477316128325029e+01,-1.277777345682825638e-01
5.866064972587971624e+02,1.704720293199929060e+01,-1.399455372138212750e-01
5.875536767894486729e+02,1.701972159317032762e+01,-1.444742892993498562e-01
5.885008563201001834e+02,1.699232871559451397e+01,-1.420903506349738554e-01
5.894480358507516939e+02,1.696502387282871638e+01,-1.517698812164425815e-01
5.903952153814033181e+02,1.693780664116640011e+01,-1.628112692167984210e-01
5.913423949120549423e+02,1.691067659961571223e+01,-1.693417725407886099e-01
5.922895744427064528e+02,1.688363332987777099e+01,-1.873325169628462794e-01
5.932367539733579633e+02,1.685667641632516833e+01,-2.021430221496838819e-01
5.941839335040094738e+02,1.682980544598067851e+01,-2.187489455342075395e-01
5.951311130346610980e+02,1.680302000849615851e+01,-2.251228054572968207e-01
5.960782925653127222e+02,1.677631969613168295e+01,-2.475795173468539889e-01
5.970254720959642327e+02,1.674970410373483531e+01,-2.480823682935748564e-01
5.979726516266157432e+02,1.672317282872021593e+01,-2.522886008394631951e-01
5.989198311572672537e+02,1.669672547104914884e+01,-2.516177813092657090e-01
5.998670106879188779e+02,1.667036163320957343e+01,-2.555723252355535657e-01
6.008141902185705021e+02,1.664408092019613505e+01,-2.539964337602890199e-01
6.017613697492220126e+02,1.661788293949044970e+01,-2.594673019256226731e-01
6.027085492798735231e+02,1.659176730104155695e+01,-2.623764293139362325e-01
6.036557288105251473e+02,1.656573361724657900e+01,-2.667158139886594559e-01
6.046029083411766578e+02,1.653978150293152893e+01,-2.690385066394166969e-01
6.055500878718282820e+02,1.651391057533231788e+01,-2.836280345093971644e-01
6.064972674024797925e+02,1.648812045407595406e+01,-2.855439234154517614e-01
6.074444469331314167e+02,1.646241076116186619e+01,-2.817115764597236671e-01
6.083916264637829272e+02,1.643678112094347199e+01,-2.988229484643056266e-01
6.093388059944345514e+02,1.641123116010985683e+01,-2.929818314708114158e-01
6.102859855250860619e+02,1.638576050766767267e+01,-2.956145514895924808e-01
6.112331650557375724e+02,1.636036879492315066e+01,-3.007379460076285427e-01
6.121803445863890829e+02,1.633505565546433402e+01,-2.927019173549715303e-01
6.131275241170407071e+02,1.630982072514344949e+01,-2.893607727902919868e-01
6.140747036476923313e+02,1.628466364205943862e+01,-2.966233571813147174e-01
6.150218831783438418e+02,1.625958404654067024e+01,-3.070966380820545627e-01
6.159690627089954660e+02,1.623458158112778094e+01,-3.092677386392427286e-01
6.169162422396468628e+02,1.620965589055670719e+01,-3.117490415349675192e-01
6.178634217702984870e+02,1.618480662174184204e+01,-3.206265539328511660e-01
6.188106013009501112e+02,1.616003342375939056e+01,-3.379499878094611165e-01
6.197577808316016217e+02,1.613533594783082492e+01,-3.391920583496245145e-01
6.207049603622530185e+02,1.611071384730652767e+01,-3.506613030873472203e-01
6.216521398929047564e+02,1.608616677764955938e+01,-3.566345945923189431e-01
6.225993194235562669e+02,1.606169439641961461e+01,-3.625390955840412932e-01
6.235464989542080048e+02,1.603729636325707375e+01,-3.633827778763056848e-01
6.244936784848592879e+02,1.601297233986724322e+01,-3.670783239797808517e-01
6.254408580155109121e+02,1.598872199000468974e+01,-3.627199760536636841e-01
6.263880375461625363e+02,1.596454497945777895e+01,-3.639821881734200404e-01
6.273352170768140468e+02,1.594044097603331345e+01,-3.633675961244757779e-01
6.282823966074656710e+02,1.591640964954129878e+01,-3.698910521399585982e-01
6.292295761381171815e+02,1.589245067177989590e+01,-3.765388855102584920e-01
6.301767556687686920e+02,1.586856371652045716e+01,-3.637239630005814628e-01
6.311239351994203162e+02,1.584474845949272215e+01,-3.793606108549925082e-01
6.320711147300718267e+02,1.582100457837016450e+01,-3.712358065929848294e-01
6.330182942607234509e+02,1.579733175275541868e+01,-3.737905223725166981e-01
6.339654737913749614e+02,1.577372966416589861e+01,-3.792540494031516052e-01
6.349126533220264719e+02,1.575019799601949266e+01,-3.725410770831545371e-01
6.358598328526780961e+02,1.572673643362041496e+01,-3.753142935776791478e-01
6.368070123833297203e+02,1.570334466414518815e+01,-3.737950689127328974e-01
6.377541919139812308e+02,1.568002237662873100e+01,-3.652384957421457301e-01
6.387013714446327413e+02,1.565676926195057028e+01,-3.719093093277516249e-01
6.396485509752842518e+02,1.563358501282119839e+01,-3.632121339831934081e-01
6.405957305059358760e+02,1.561046932376852325e+01,-3.654914804470321688e-01
6.415429100365875001e+02,1.558742189112446930e+01,-3.518003499472383000e-01
6.424900895672390106e+02,1.556444241301166720e+01,-3.445332065157188928e-01
6.434372690978905212e+02,1.554153058933027332e+01,-3.467521119512929628e-01
6.443844486285420317e+02,1.551868612174490814e+01,-3.443144575991136103e-01
6.453316281591936558e+02,1.549590871367170841e+01,-3.391513801025861641e-01
6.462788076898452800e+02,1.547319807026549654e+01,-3.463955166359389271e-01
6.472259872204967905e+02,1.545055389840705296e+01,-3.376839630446515361e-01
6.481731667511483010e+02,1.542797590669050045e+01,-3.334201220055423853e-01
6.491203462817998115e+02,1.540546380541081284e+01,-3.400662180416033631e-01
6.500675258124514357e+02,1.538301730655141597e+01,-3.345802339605564169e-01
6.510147053431030599e+02,1.536063612377191845e+01,-3.347040473142234851e-01
6.519618848737545704e+02,1.533831997239592049e+01,-3.367227810979406821e-01
6.529090644044060809e+02,1.531606856939895245e+01,-3.276480358625926681e-01
6.538562439350577051e+02,1.529388163339649864e+01,-3.261982853306981678e-01
6.548034234657092156e+02,1.527175888463216147e+01,-3.216324169891733309e-01
6.557506029963608398e+02,1.524970004496586995e+01,-3.177429493204602107e-01
6.566977825270123503e+02,1.522770483786225348e+01,-3.126905350134103201e-01
6.576449620576638608e+02,1.520577298837906532e+01,-3.153150892277397643e-01
6.585921415883154850e+02,1.518390422315573041e+01,-3.127423821434371365e-01
6.595393211189669955e+02,1.516209827040200153e+01,-3.019718530802988354e-01
6.604865006496186197e+02,1.514035485988667951e+01,-3.089676943603228976e-01
6.614336801802701302e+02,1.511867372292646827e+01,-2.999786266554941294e-01
6.623808597109216407e+02,1.509705459237489400e+01,-3.031904713614450020e-01
6.633280392415732649e+02,1.507549720261133608e+01,-3.188850764036162411e-01
6.642752187722248891e+02,1.505400128953015582e+01,-3.155472518878117971e-01
6.652223983028763996e+02,1.503256659052990862e+01,-3.115585015053773943e-01
6.661695778335279101e+02,1.501119284450264146e+01,-3.046643834612606794e-01
6.671167573641794206e+02,1.498987979182329866e+01,-3.069108298009362024e-01
6.680639368948310448e+02,1.496862717433920587e+01,-3.010521547072868564e-01
6.690111164254826690e+02,1.494743473535965173e+01,-2.882526649031671995e-01
6.699582959561341795e+02,1.492630221964555659e+01,-3.032444074520319055e-01
6.709054754867856900e+02,1.490522937339920695e+01,-2.960893048400647931e-01
6.718526550174372005e+02,1.488421594425411776e+01,-2.981602693658079173e-01
6.727998345480888247e+02,1.486326168126493918e+01,-2.828746337871210215e-01
6.737470140787404489e+02,1.484236633489748591e+01,-2.880713219521934265e-01
6.746941936093919594e+02,1.482152965701881975e+01,-2.775787053995822928e-01
6.756413731400434699e+02,1.480075140088742280e+01,-2.761159183293051544e-01
6.765885526706949804e+02,1.478003132114347018e+01,-2.730073622957944757e-01
6.775357322013466046e+02,1.475936917379916302e+01,-2.705972462410535240e-01
6.784829117319982288e+02,1.473876471622916107e+01,-2.604369812939393292e-01
6.794300912626497393e+02,1.471821770716108091e+01,-2.723900199034078318e-01
6.803772707933012498e+02,1.469772790666606710e+01,-2.668773893647495843e-01
6.813244503239528740e+02,1.467729507614947337e+01,-2.812417525825405828e-01
6.822716298546043845e+02,1.465691897834159008e+01,-2.635647696965719988e-01
6.832188093852560087e+02,1.463659937728845861e+01,-2.701096469200623962e-01
6.841659889159075192e+02,1.461633603834277118e+01,-2.717018699002162752e-01
6.851131684465590297e+02,1.459612872815483087e+01,-2.845827455377966109e-01
6.860603479772106539e+02,1.457597721466359530e+01,-2.921201818609933665e-01
6.870075275078621644e+02,1.455588126708780372e+01,-2.905722701302779765e-01
6.879547070385137886e+02,1.453584065591714847e+01,-2.888764469818048686e-01
6.889018865691652991e+02,1.451585515290355666e+01,-2.844224033662852147e-01
6.898490660998168096e+02,1.449592453105251089e+01,-2.886298846718978184e-01
6.907962456304684338e+02,1.447604856461445877e+01,-2.892325824506405407e-01
6.917434251611200580e+02,1.445622702907629709e+01,-2.809563198190991873e-01
6.926906046917715685e+02,1.443645970115290922e+01,-2.881739861971451822e-01
6.936377842224230790e+02,1.441674635877878075e+01,-2.775539046940738719e-01
6.945849637530745895e+02,1.439708678109969320e+01,-2.816390203251680768e-01
6.955321432837262137e+02,1.437748074846446222e+01,-2.731520530867619367e-01
6.964793228143778379e+02,1.435792804241677345e+01,-2.513161231211698543e-01
6.974265023450293484e+02,1.433842844568705743e+01,-2.669173947989199047e-01
6.983736818756808589e+02,1.431898174218444275e+01,-2.424427325763023333e-01
6.993208614063323694e+02,1.429958771698877484e+01,-2.423349482954609835e-01
7.002680409369839936e+02,1.428024615634270233e+01,-2.444304544337642660e-01
7.012152204676356178e+02,1.426095684764382199e+01,-2.406500697787915810e-01
7.021623999982871283e+02,1.424171957943688582e+01,-2.410570060906651046e-01
7.031095795289386388e+02,1.422253414140607575e+01,-2.521207023994728735e-01
7.040567590595901493e+02,1.420340032436733857e+01,-2.428522395595454908e-01
7.050039385902417735e+02,1.418431792026078497e+01,-2.631197068133296346e-01
7.059511181208933976e+02,1.416528672214314710e+01,-2.567114172898735114e-01
7.068982976515449081e+02,1.414630652418030365e+01,-2.728184792856993557e-01
7.078454771821964187e+02,1.412737712163984405e+01,-2.779442834183444289e-01
7.087926567128480428e+02,1.410849831088371786e+01,-2.777950518090421816e-01
7.097398362434995533e+02,1.408966988936093934e+01,-2.735751050948631580e-01
7.106870157741511775e+02,1.407089165560032384e+01,-2.644299537028180769e-01
7.116341953048026880e+02,1.405216340920332385e+01,-2.492093048883425310e-01
7.125813748354541985e+02,1.403348495083687908e+01,-2.677789625694604325e-01
7.135285543661058227e+02,1.401485608222635904e+01,-2.341010633639162009e-01
7.144757338967574469e+02,1.399627660614854641e+01,-2.331841284554788674e-01
7.154229134274089574e+02,1.397774632642467019e+01,-2.208590254815409604e-01
7.163700929580604679e+02,1.395926504791350276e+01,-1.973465577501796464e-01
7.173172724887119784e+02,1.394083257650451202e+01,-1.657805969247160838e-01
7.182644520193636026e+02,1.392244871911106507e+01,-1.734837098641625330e-01
7.192116315500152268e+02,1.390411328366368693e+01,-1.844791192725943052e-01
7.201588110806667373e+02,1.388582607910337074e+01,-1.901045061409019354e-01
7.211059906113182478e+02,1.386758691537493782e+01,-2.114363667805626568e-01
7.220531701419697583e+02,1.384939560342045795e+01,-2.016291694226508280e-01
7.230003496726213825e+02,1.383125195517271422e+01,-1.846933082369944246e-01
7.239475292032730067e+02,1.381315578354872464e+01,-1.617337232946305936e-01
7.248947087339245172e+02,1.379510690244331705e+01,-1.358233327079793606e-01
7.258418882645760277e+02,1.377710512672273424e+01,-1.176980498570835143e-01
7.267890677952275382e+02,1.375915027221831366e+01,-1.248080513549188614e-01
7.277362473258791624e+02,1.374124215572020979e+01,-1.417077585927107586e-01
7.286834268565307866e+02,1.372338059497115914e+01,-1.290102572708528017e-01
7.296306063871822971e+02,1.370556540866029316e+01,-1.391859349810654345e-01
7.305777859178338076e+02,1.368779641641701161e+01,-9.548983354357436226e-02
7.315249654484853181e+02,1.367007343880488435e+01,-9.639903184438329553e-02
7.324721449791369423e+02,1.365239629731562054e+01,-9.265930447322334729e-02
7.334193245097885665e+02,1.363476481436307530e+01,-8.087665105585527259e-02
7.343665040404400770e+02,1.361717881327730062e+01,-9.710606131666912888e-02
7.353136835710915875e+02,1.359963811829863722e+01,-1.085573347228326740e-01
7.362608631017432117e+02,1.358214255457186859e+01,-1.025438180885671763e-01
7.372080426323947222e+02,1.356469194814041401e+01,-1.603007177148195739e-01
7.381552221630463464e+02,1.354728612594054660e+01,-1.080000191648435998e-01
7.391024016936978569e+02,1.352992491579569290e+01,-1.240510883204704595e-01
7.400495812243493674e+02,1.351260814641073971e+01,-1.373887596647574427e-01
7.409967607550009916e+02,1.349533564736640479e+01,-1.443985220496262489e-01
7.419439402856526158e+02,1.347810724911365021e+01,-1.299843819908283182e-01
7.428911198163041263e+02,1.346092278296813660e+01,-1.306771451072140655e-01
7.438382993469556368e+02,1.344378208110470574e+01,-1.329883014079122072e-01
7.447854788776071473e+02,1.342668497655192716e+01,-1.023147215346188743e-01
7.457326584082587715e+02,1.340963130318667140e+01,-7.541725522145280303e-02
7.466798379389103957e+02,1.339262089572874004e+01,-6.225706132068146992e-02
7.476270174695619062e+02,1.337565358973551177e+01,-6.207638777043143069e-02
7.485741970002134167e+02,1.335872922159665244e+01,-3.479366107646131301e-02
7.495213765308649272e+02,1.334184762852884987e+01,-2.585429848141048564e-02
