# wavenlength / nm,    wavenumber / 10^3 cm-1, norm. transient absorption
3.507587941265592235e+02,2.850962019327687713e+01,1.802256628040570796e-01
3.517059736572107909e+02,2.843284092111119676e+01,1.516307227228277654e-01
3.526531531878623582e+02,2.835647408680019765e+01,1.557028316223950937e-01
3.536003327185139256e+02,2.828051637598591128e+01,1.220757363722881073e-01
3.545475122491654929e+02,2.820496450972781233e+01,1.146662930890810922e-01
3.554946917798170603e+02,2.812981524403100053e+01,1.161266576849916965e-01
3.564418713104686276e+02,2.805506536938187878e+01,1.137314248026334296e-01
3.573890508411201381e+02,2.798071171029123505e+01,1.031385083568999578e-01
3.583362303717717054e+02,2.790675112484456122e+01,1.000862646198611289e-01
3.592834099024232728e+02,2.783318050425949508e+01,8.916300448856541438e-02
3.602305894330748401e+02,2.775999677245022568e+01,8.067162584085230126e-02
3.611777689637264075e+02,2.768719688559877667e+01,8.403953823685222924e-02
3.621249484943779180e+02,2.761477783173299372e+01,7.244061655480979467e-02
3.630721280250294853e+02,2.754273663031115404e+01,7.039984927859725683e-02
3.640193075556810527e+02,2.747107033181304914e+01,6.669086515042323138e-02
3.649664870863326200e+02,2.739977601733746582e+01,5.351102428959068208e-02
3.659136666169841874e+02,2.732885079820585617e+01,4.488997237739873747e-02
3.668608461476356979e+02,2.725829181557222824e+01,5.064789480710387565e-02
3.678080256782873221e+02,2.718809624003896985e+01,3.113118743471196548e-02
3.687552052089388326e+02,2.711826127127871189e+01,2.640338199073641312e-02
3.697023847395903999e+02,2.704878413766187251e+01,3.751117804477559908e-02
3.706495642702419673e+02,2.697966209589002418e+01,3.906790311740572508e-02
3.715967438008935346e+02,2.691089243063478520e+01,3.524660580731517334e-02
3.725439233315451020e+02,2.684247245418229610e+01,2.583480087009206588e-02
3.734911028621966125e+02,2.677439950608302155e+01,1.486097877366445927e-02
3.744382823928481798e+02,2.670667095280693815e+01,1.959093578422950455e-02
3.753854619234997472e+02,2.663928418740391280e+01,5.863199522463990836e-03
3.763326414541513145e+02,2.657223662916920404e+01,-1.139411850662764430e-02
3.772798209848028819e+02,2.650552572331401535e+01,-1.770985647150610798e-02
3.782270005154543924e+02,2.643914894064100451e+01,-1.982581056398421970e-02
3.791741800461059597e+02,2.637310377722460686e+01,-6.361900865477770374e-03
3.801213595767575271e+02,2.630738775409622932e+01,-3.176778405515144621e-02
3.810685391074090944e+02,2.624199841693404878e+01,-2.600880979530938858e-02
3.820157186380606618e+02,2.617693333575747872e+01,-3.135268106749478784e-02
3.829628981687122291e+02,2.611219010462615131e+01,-3.640639177556555944e-02
3.839100776993637965e+02,2.604776634134335467e+01,-5.071348311562819816e-02
3.848572572300153070e+02,2.598365968716385765e+01,-4.394685006412066969e-02
3.858044367606668743e+02,2.591986780650602640e+01,-4.818040400239659293e-02
3.867516162913184417e+02,2.585638838666819339e+01,-5.719216217530529583e-02
3.876987958219700090e+02,2.579321913754915840e+01,-6.138692205562690934e-02
3.886459753526215763e+02,2.573035779137277856e+01,-4.263543578889808505e-02
3.895931548832730869e+02,2.566780210241661919e+01,-5.485973648352211740e-02
3.905403344139246542e+02,2.560554984674446288e+01,-5.050015410997223120e-02
3.914875139445762215e+02,2.554359882194281894e+01,-6.690630259486902986e-02
3.924346934752277889e+02,2.548194684686114186e+01,-5.656294538789678056e-02
3.933818730058793562e+02,2.542059176135587606e+01,-5.424590267526927662e-02
3.943290525365308667e+02,2.535953142603814214e+01,-4.825479893650773400e-02
3.952762320671824909e+02,2.529876372202507184e+01,-5.132593627679709475e-02
3.962234115978340014e+02,2.523828655069473825e+01,-6.079211359354485394e-02
3.971705911284855688e+02,2.517809783344451446e+01,-5.034653806197454673e-02
3.981177706591371361e+02,2.511819551145296714e+01,-6.276643619734935398e-02
3.990649501897887035e+02,2.505857754544508254e+01,-5.475976173849436690e-02
4.000121297204402708e+02,2.499924191546086760e+01,-6.216976482128070552e-02
4.009593092510917813e+02,2.494018662062719116e+01,-5.843603003355722636e-02
4.019064887817433487e+02,2.488140967893288646e+01,-4.787798908575637696e-02
4.028536683123949160e+02,2.482290912700700503e+01,-3.263241955308833486e-02
4.038008478430464834e+02,2.476468301990020748e+01,-3.559620431243587513e-02
4.047480273736980507e+02,2.470672943086920270e+01,-2.176287127802305557e-02
4.056952069043495612e+02,2.464904645116424220e+01,-2.953797860930932120e-02
4.066423864350011854e+02,2.459163218981951005e+01,-7.049416048032087177e-03
4.075895659656526959e+02,2.453448477344656453e+01,-1.259451555293355715e-02
4.085367454963042633e+02,2.447760234603049412e+01,7.602654195386570127e-03
4.094839250269558306e+02,2.442098306872903990e+01,1.275416522065955446e-02
4.104311045576073980e+02,2.436462511967442168e+01,3.025083303667226373e-02
4.113782840882589653e+02,2.430852669377792097e+01,2.854217280915798821e-02
4.123254636189104758e+02,2.425268600253717111e+01,4.442936814509821503e-02
4.132726431495620432e+02,2.419710127384606935e+01,6.035653609735619485e-02
4.142198226802136105e+02,2.414177075180733212e+01,6.953167716936817233e-02
4.151670022108651779e+02,2.408669269654758338e+01,8.274986999605371540e-02
4.161141817415167452e+02,2.403186538403498673e+01,7.856887486013243438e-02
4.170613612721682557e+02,2.397728710589937151e+01,9.890146514934343436e-02
4.180085408028198231e+02,2.392295616925476409e+01,1.046590243518944613e-01
4.189557203334713904e+02,2.386887089652437410e+01,1.285057905589487015e-01
4.199028998641229578e+02,2.381502962526792544e+01,1.423102121751769478e-01
4.208500793947745251e+02,2.376143070801132495e+01,1.496665730656703552e-01
4.217972589254260356e+02,2.370807251207861555e+01,1.653356561313209794e-01
4.227444384560776598e+02,2.365495341942619234e+01,1.831874251870543313e-01
4.236916179867291703e+02,2.360207182647927482e+01,1.927804894993598028e-01
4.246387975173807376e+02,2.354942614397049638e+01,2.085009943545285405e-01
4.255859770480323050e+02,2.349701479678073213e+01,2.214864985793860153e-01
4.265331565786838723e+02,2.344483622378198362e+01,2.438805857888077244e-01
4.274803361093354397e+02,2.339288887768238467e+01,2.601889427230980600e-01
4.284275156399868933e+02,2.334117122487325702e+01,2.647753419406884134e-01
4.293746951706385175e+02,2.328968174527817325e+01,2.622298381353414531e-01
4.303218747012900849e+02,2.323841893220405197e+01,2.915049341275845474e-01
4.312690542319416522e+02,2.318738129219417843e+01,2.769846628989164894e-01
4.322162337625932196e+02,2.313656734488315792e+01,3.205740346974295107e-01
4.331634132932447301e+02,2.308597562285381599e+01,3.070306624166170284e-01
4.341105928238963543e+02,2.303560467149589641e+01,3.040279250294178892e-01
4.350577723545478648e+02,2.298545304886670593e+01,3.116306031259086229e-01
4.360049518851994321e+02,2.293551932555346440e+01,3.122732973464292239e-01
4.369521314158509995e+02,2.288580208453753073e+01,3.149147049141878818e-01
4.378993109465025668e+02,2.283629992106035544e+01,3.064224357060498782e-01
4.388464904771541342e+02,2.278701144249116339e+01,3.108681677554649414e-01
4.397936700078056447e+02,2.273793526819637023e+01,2.886378886733502180e-01
4.407408495384572120e+02,2.268907002941065443e+01,2.866073995824630072e-01
4.416880290691087225e+02,2.264041436910971683e+01,2.796986660645313649e-01
4.426352085997603467e+02,2.259196694188464605e+01,2.689167908892280412e-01
4.435823881304119141e+02,2.254372641381792164e+01,2.555046838345180205e-01
4.445295676610633677e+02,2.249569146236097694e+01,2.329631455305310739e-01
4.454767471917150488e+02,2.244786077621332510e+01,2.324514703891393530e-01
4.464239267223665024e+02,2.240023305520327668e+01,2.199597755572882118e-01
4.473711062530181266e+02,2.235280701017006422e+01,2.111031171760237579e-01
4.483182857836697508e+02,2.230558136284758319e+01,1.809278324378094105e-01
4.492654653143212045e+02,2.225855484574952570e+01,1.836481846843696086e-01
4.502126448449728287e+02,2.221172620205596715e+01,1.617001754957391735e-01
4.511598243756243392e+02,2.216509418550143451e+01,1.432510405913422491e-01
4.521070039062759065e+02,2.211865756026432095e+01,1.402273210891729627e-01
4.530541834369274170e+02,2.207241510085771807e+01,1.254761111281433306e-01
4.540013629675790412e+02,2.202636559202161592e+01,1.056552119782406818e-01
4.549485424982306085e+02,2.198050782861644592e+01,8.954683488040324213e-02
4.558957220288821190e+02,2.193484061551793829e+01,8.847015174813704919e-02
4.568429015595337432e+02,2.188936276751329757e+01,7.121699623845105520e-02
4.577900810901852537e+02,2.184407310919868195e+01,5.706012073673184803e-02
4.587372606208368211e+02,2.179897047487792250e+01,3.880755136656507259e-02
4.596844401514883316e+02,2.175405370846251429e+01,4.283301579028617884e-02
4.606316196821398989e+02,2.170932166337284386e+01,2.313901475353632303e-02
4.615787992127915800e+02,2.166477320244060678e+01,7.755988459236650562e-03
4.625259787434430905e+02,2.162040719781248299e+01,1.451186592904392912e-02
4.634731582740946010e+02,2.157622253085490271e+01,1.657943107607250848e-03
4.644203378047461683e+02,2.153221809206005943e+01,-6.361693839268477493e-03
4.653675173353976220e+02,2.148839278095304550e+01,-1.315246319188950741e-02
4.663146968660493030e+02,2.144474550600007845e+01,-1.526144838729793889e-02
4.672618763967008135e+02,2.140127518451793520e+01,-1.676475013294496941e-02
4.682090559273523240e+02,2.135798074258437040e+01,-2.823962063471466971e-02
4.691562354580038914e+02,2.131486111494971425e+01,-2.391161651549571915e-02
4.701034149886555156e+02,2.127191524494949348e+01,-3.168389498512586000e-02
4.710505945193070829e+02,2.122914208441812534e+01,-4.100054389871223698e-02
4.719977740499585934e+02,2.118654059360362751e+01,-4.029353886208907054e-02
4.729449535806101608e+02,2.114410974108336561e+01,-5.587267659886270554e-02
4.738921331112617281e+02,2.110184850368084142e+01,-5.374955625611928939e-02
4.748393126419132386e+02,2.105975586638341213e+01,-5.813948108104455975e-02
4.757864921725648628e+02,2.101783082226105037e+01,-6.232788394456352521e-02
4.767336717032163733e+02,2.097607237238605293e+01,-5.611083674925492620e-02
4.776808512338680544e+02,2.093447952575368021e+01,-6.098379355718129557e-02
4.786280307645195080e+02,2.089305129920379756e+01,-7.437811264933340272e-02
4.795752102951710754e+02,2.085178671734336575e+01,-7.966530631570710452e-02
4.805223898258225859e+02,2.081068481246992619e+01,-8.202456442221460475e-02
4.814695693564742101e+02,2.076974462449592806e+01,-8.193995476064008798e-02
4.824167488871257774e+02,2.072896520087399708e+01,-6.780288892965208314e-02
4.833639284177772879e+02,2.068834559652303895e+01,-8.412924310988799392e-02
4.843111079484289121e+02,2.064788487375522763e+01,-8.624177742478039699e-02
4.852582874790804226e+02,2.060758210220387454e+01,-8.274286528529074813e-02
4.862054670097319899e+02,2.056743635875208653e+01,-9.435704710060638378e-02
4.871526465403835005e+02,2.052744672746231203e+01,-1.012784619508877715e-01
4.880998260710350678e+02,2.048761229950666163e+01,-9.111841311307405933e-02
4.890470056016866920e+02,2.044793217309806721e+01,-9.504818161441934421e-02
4.899941851323382025e+02,2.040840545342224388e+01,-9.820581206009545983e-02
4.909413646629897130e+02,2.036903125257040159e+01,-1.022303677776399411e-01
4.918885441936413372e+02,2.032980868947277031e+01,-1.039621615382817221e-01
4.928357237242928477e+02,2.029073688983289259e+01,-1.054224632502562126e-01
4.937829032549444719e+02,2.025181498606263375e+01,-9.563574755178834430e-02
4.947300827855959824e+02,2.021304211721800215e+01,-9.797574227631689059e-02
4.956772623162476066e+02,2.017441742893562306e+01,-1.018624978763548322e-01
4.966244418468991171e+02,2.013594007337002978e+01,-9.549163316983677596e-02
4.975716213775506844e+02,2.009760920913159055e+01,-9.624687728465876335e-02
4.985188009082021949e+02,2.005942400122520297e+01,-9.562693344051922950e-02
4.994659804388537623e+02,2.002138362098964208e+01,-1.046637413970829683e-01
5.004131599695053296e+02,1.998348724603763316e+01,-9.060800127053349196e-02
5.013603395001569538e+02,1.994573406019657824e+01,-8.682096726475307946e-02
5.023075190308084643e+02,1.990812325344996836e+01,-9.427501364025601960e-02
5.032546985614600317e+02,1.987065402187943874e+01,-8.937633843806883083e-02
5.042018780921114853e+02,1.983332556760750975e+01,-8.835711148581239238e-02
5.051490576227631095e+02,1.979613709874092820e+01,-7.877379315424686002e-02
5.060962371534147337e+02,1.975908782931469432e+01,-7.124921973925002483e-02
5.070434166840662442e+02,1.972217697923667501e+01,-7.180436077653813698e-02
5.079905962147178116e+02,1.968540377423284582e+01,-6.783018588633375756e-02
5.089377757453693789e+02,1.964876744579317247e+01,-5.653720780497166476e-02
5.098849552760209463e+02,1.961226723111805370e+01,-6.067591238415803029e-02
5.108321348066724568e+02,1.957590237306539294e+01,-4.377683621406467523e-02
5.117793143373240810e+02,1.953967212009823129e+01,-5.462396755165019324e-02
5.127264938679755915e+02,1.950357572623299518e+01,-4.367845631213912450e-02
5.136736733986272156e+02,1.946761245098827686e+01,-3.611469990851758072e-02
5.146208529292787262e+02,1.943178155933420825e+01,-4.067094743872840673e-02
5.155680324599302367e+02,1.939608232164238544e+01,-1.795100238934421027e-02
5.165152119905818608e+02,1.936051401363632962e+01,-1.769966356076820707e-02
5.174623915212333713e+02,1.932507591634253785e+01,-8.953384551154011314e-03
5.184095710518849955e+02,1.928976731604199202e+01,-9.888084949947360466e-03
5.193567505825365060e+02,1.925458750422228960e+01,-1.352161576208363086e-03
5.203039301131880165e+02,1.921953577753021847e+01,nan
5.212511096438396407e+02,1.918461143772489663e+01,nan
5.221982891744911512e+02,1.914981379163141284e+01,nan
5.231454687051427754e+02,1.911514215109495396e+01,nan
5.240926482357942859e+02,1.908059583293544748e+01,nan
5.250398277664457964e+02,1.904617415890269072e+01,nan
5.259870072970974206e+02,1.901187645563195616e+01,nan
5.269341868277489311e+02,1.897770205460009407e+01,nan
5.278813663584005553e+02,1.894365029208207574e+01,nan
5.288285458890520658e+02,1.890972050910805891e+01,nan
5.297757254197035763e+02,1.887591205142084050e+01,nan
5.307229049503552005e+02,1.884222426943381734e+01,nan
5.316700844810067110e+02,1.880865651818940876e+01,nan
5.326172640116583352e+02,1.877520815731784509e+01,nan
5.335644435423098457e+02,1.874187855099649980e+01,nan
5.345116230729613562e+02,1.870866706790955902e+01,nan
5.354588026036129804e+02,1.867557308120818149e+01,nan
5.364059821342646046e+02,1.864259596847105982e+01,nan
5.373531616649161151e+02,1.860973511166539396e+01,nan
5.383003411955676256e+02,1.857698989710828030e+01,nan
5.392475207262192498e+02,1.854435971542850936e+01,nan
5.401947002568707603e+02,1.851184396152877554e+01,nan
5.411418797875223845e+02,1.847944203454825640e+01,nan
5.420890593181738950e+02,1.844715333782561473e+01,nan
5.430362388488254055e+02,1.841497727886237357e+01,nan
5.439834183794770297e+02,1.838291326928665015e+01,nan
5.449305979101285402e+02,1.835096072481734097e+01,nan
5.458777774407801644e+02,1.831911906522858047e+01,nan
5.468249569714316749e+02,1.828738771431465437e+01,nan
5.477721365020831854e+02,1.825576609985522580e+01,nan
5.487193160327348096e+02,1.822425365358093785e+01,nan
5.496664955633863201e+02,1.819284981113938571e+01,nan
5.506136750940379443e+02,1.816155401206140496e+01,5.991990753821196947e-02
5.515608546246894548e+02,1.813036569972776135e+01,7.188324958577775592e-02
5.525080341553409653e+02,1.809928432133611409e+01,7.550255953589435354e-02
5.534552136859925895e+02,1.806830932786836641e+01,8.168326955758933861e-02
5.544023932166442137e+02,1.803744017405836431e+01,9.697335428619675846e-02
5.553495727472957242e+02,1.800667631835986526e+01,9.702278916833312339e-02
5.562967522779472347e+02,1.797601722291489423e+01,1.016645309077019305e-01
5.572439318085987452e+02,1.794546235352237673e+01,1.096341731761865806e-01
5.581911113392503694e+02,1.791501117960713074e+01,1.265670570611997781e-01
5.591382908699019936e+02,1.788466317418915352e+01,1.180059914571214980e-01
5.600854704005535041e+02,1.785441781385321391e+01,1.280037618637304975e-01
5.610326499312050146e+02,1.782427457871876086e+01,1.248969479511432973e-01
5.619798294618565251e+02,1.779423295241014458e+01,1.342535954151528044e-01
5.629270089925081493e+02,1.776429242202711123e+01,1.361705598773400305e-01
5.638741885231597735e+02,1.773445247811564585e+01,1.339284991311113504e-01
5.648213680538112840e+02,1.770471261463905321e+01,1.387991669747420664e-01
5.657685475844627945e+02,1.767507232894934788e+01,1.484821035772105613e-01
5.667157271151143050e+02,1.764553112175894611e+01,1.419437258033505456e-01
5.676629066457659292e+02,1.761608849711263503e+01,1.391071329361229791e-01
5.686100861764175534e+02,1.758674396235980453e+01,1.376917807867187316e-01
5.695572657070690639e+02,1.755749702812699198e+01,1.307910679152452238e-01
5.705044452377205744e+02,1.752834720829063997e+01,1.312340259145781951e-01
5.714516247683720849e+02,1.749929401995020228e+01,1.332631549191836962e-01
5.723988042990237091e+02,1.747033698340144525e+01,1.382577436883105082e-01
5.733459838296753333e+02,1.744147562211007596e+01,1.328188202712906885e-01
5.742931633603268438e+02,1.741270946268558362e+01,1.388045026084240297e-01
5.752403428909783543e+02,1.738403803485534738e+01,1.372317232970796663e-01
5.761875224216300921e+02,1.735546087143903193e+01,1.309946941723479086e-01
5.771347019522816026e+02,1.732697750832320693e+01,1.395584552674853651e-01
5.780818814829331131e+02,1.729858748443620442e+01,1.373805729877815296e-01
5.790290610135846237e+02,1.727029034172326050e+01,1.406558788695210505e-01
5.799762405442361342e+02,1.724208562512187370e+01,1.350339233679044570e-01
5.809234200748877583e+02,1.721397288253739788e+01,1.312178467180841468e-01
5.818705996055393825e+02,1.718595166481891567e+01,1.367060029018785094e-01
5.828177791361908930e+02,1.715802152573528971e+01,1.367750429498393316e-01
5.837649586668424035e+02,1.713018202195149442e+01,1.275034268548507210e-01
5.847121381974939140e+02,1.710243271300513612e+01,1.253573214833580418e-01
5.856593177281455382e+02,1.707477316128325029e+01,1.348038688229143134e-01
5.866064972587971624e+02,1.704720293199929060e+01,1.290606515990769254e-01
5.875536767894486729e+02,1.701972159317032762e+01,1.269218267352021090e-01
5.885008563201001834e+02,1.699232871559451397e+01,1.204708677526312999e-01
5.894480358507516939e+02,1.696502387282871638e+01,1.302116157999737012e-01
5.903952153814033181e+02,1.693780664116640011e+01,1.167295922704764122e-01
5.913423949120549423e+02,1.691067659961571223e+01,1.132315962694495637e-01
5.922895744427064528e+02,1.688363332987777099e+01,1.184095410609514593e-01
5.932367539733579633e+02,1.685667641632516833e+01,1.225026827692825976e-01
5.941839335040094738e+02,1.682980544598067851e+01,1.084487020995904411e-01
5.951311130346610980e+02,1.680302000849615851e+01,1.175726202313090302e-01
5.960782925653127222e+02,1.677631969613168295e+01,1.107928893409599325e-01
5.970254720959642327e+02,1.674970410373483531e+01,1.091206931130132840e-01
5.979726516266157432e+02,1.672317282872021593e+01,1.082333663773720062e-01
5.989198311572672537e+02,1.669672547104914884e+01,1.119019060336757659e-01
5.998670106879188779e+02,1.667036163320957343e+01,1.035449448134119488e-01
6.008141902185705021e+02,1.664408092019613505e+01,9.818768265990268640e-02
6.017613697492220126e+02,1.661788293949044970e+01,1.076634155028338286e-01
6.027085492798735231e+02,1.659176730104155695e+01,1.123878795360557237e-01
6.036557288105251473e+02,1.656573361724657900e+01,1.097290435788856738e-01
6.046029083411766578e+02,1.653978150293152893e+01,1.030079924784641082e-01
6.055500878718282820e+02,1.651391057533231788e+01,1.048674253501203912e-01
6.064972674024797925e+02,1.648812045407595406e+01,9.740327513986775376e-02
6.074444469331314167e+02,1.646241076116186619e+01,1.008319516068483940e-01
6.083916264637829272e+02,1.643678112094347199e+01,9.800555815524256142e-02
6.093388059944345514e+02,1.641123116010985683e+01,1.005216149458315195e-01
6.102859855250860619e+02,1.638576050766767267e+01,8.383743188704924354e-02
6.112331650557375724e+02,1.636036879492315066e+01,8.709578806669156237e-02
6.121803445863890829e+02,1.633505565546433402e+01,8.152795158516042140e-02
6.131275241170407071e+02,1.630982072514344949e+01,8.274843549692180444e-02
6.140747036476923313e+02,1.628466364205943862e+01,8.454741826235293023e-02
6.150218831783438418e+02,1.625958404654067024e+01,8.169435757457263469e-02
6.159690627089954660e+02,1.623458158112778094e+01,7.884717536031139729e-02
6.169162422396468628e+02,1.620965589055670719e+01,7.728134539587594443e-02
6.178634217702984870e+02,1.618480662174184204e+01,6.999337212165390731e-02
6.188106013009501112e+02,1.616003342375939056e+01,7.300809238701179427e-02
6.197577808316016217e+02,1.613533594783082492e+01,7.158483496382653244e-02
6.207049603622530185e+02,1.611071384730652767e+01,7.617746308543381362e-02
6.216521398929047564e+02,1.608616677764955938e+01,8.470257253345657433e-02
6.225993194235562669e+02,1.606169439641961461e+01,7.534751188158736457e-02
6.235464989542080048e+02,1.603729636325707375e+01,7.186266090313467303e-02
6.244936784848592879e+02,1.601297233986724322e+01,7.096270437541853104e-02
6.254408580155109121e+02,1.598872199000468974e+01,7.608368334764555041e-02
6.263880375461625363e+02,1.596454497945777895e+01,6.656596868598270433e-02
6.273352170768140468e+02,1.594044097603331345e+01,6.477141935772980086e-02
6.282823966074656710e+02,1.591640964954129878e+01,7.888522991591594147e-02
6.292295761381171815e+02,1.589245067177989590e+01,6.850259060157515290e-02
6.301767556687686920e+02,1.586856371652045716e+01,7.135914238634295803e-02
6.311239351994203162e+02,1.584474845949272215e+01,6.258451777022272511e-02
6.320711147300718267e+02,1.582100457837016450e+01,6.106550900409717791e-02
6.330182942607234509e+02,1.579733175275541868e+01,5.528149145587863550e-02
6.339654737913749614e+02,1.577372966416589861e+01,5.396711728138441772e-02
6.349126533220264719e+02,1.575019799601949266e+01,5.868863017556295164e-02
6.358598328526780961e+02,1.572673643362041496e+01,5.015306818412382239e-02
6.368070123833297203e+02,1.570334466414518815e+01,5.415068160331569513e-02
6.377541919139812308e+02,1.568002237662873100e+01,5.272565811876735870e-02
6.387013714446327413e+02,1.565676926195057028e+01,5.537209749310231799e-02
6.396485509752842518e+02,1.563358501282119839e+01,5.346382392822265905e-02
6.405957305059358760e+02,1.561046932376852325e+01,5.140580023369163698e-02
6.415429100365875001e+02,1.558742189112446930e+01,5.088979894790378322e-02
6.424900895672390106e+02,1.556444241301166720e+01,5.608188499514070446e-02
6.434372690978905212e+02,1.554153058933027332e+01,4.978817880274184760e-02
6.443844486285420317e+02,1.551868612174490814e+01,5.240887661397004155e-02
6.453316281591936558e+02,1.549590871367170841e+01,4.930356494216327906e-02
6.462788076898452800e+02,1.547319807026549654e+01,4.764382050689363463e-02
6.472259872204967905e+02,1.545055389840705296e+01,6.914056944016848394e-02
6.481731667511483010e+02,1.542797590669050045e+01,6.174091846663028182e-02
6.491203462817998115e+02,1.540546380541081284e+01,5.689293981748278634e-02
6.500675258124514357e+02,1.538301730655141597e+01,5.436895440496552351e-02
6.510147053431030599e+02,1.536063612377191845e+01,5.652951920943358882e-02
6.519618848737545704e+02,1.533831997239592049e+01,5.088253380463760023e-02
6.529090644044060809e+02,1.531606856939895245e+01,5.430950856690725664e-02
6.538562439350577051e+02,1.529388163339649864e+01,5.765538326488271748e-02
6.548034234657092156e+02,1.527175888463216147e+01,5.881834610081242143e-02
6.557506029963608398e+02,1.524970004496586995e+01,5.064408399065703503e-02
6.566977825270123503e+02,1.522770483786225348e+01,6.128008405062410069e-02
6.576449620576638608e+02,1.520577298837906532e+01,5.886813697864436840e-02
6.585921415883154850e+02,1.518390422315573041e+01,4.869346567836996958e-02
6.595393211189669955e+02,1.516209827040200153e+01,4.760762922920870610e-02
6.604865006496186197e+02,1.514035485988667951e+01,3.932206340007923795e-02
6.614336801802701302e+02,1.511867372292646827e+01,5.090009045686055139e-02
6.623808597109216407e+02,1.509705459237489400e+01,4.343644863338028822e-02
6.633280392415732649e+02,1.507549720261133608e+01,3.705241141340739897e-02
6.642752187722248891e+02,1.505400128953015582e+01,4.565603397409888353e-02
6.652223983028763996e+02,1.503256659052990862e+01,4.393738840091868797e-02
6.661695778335279101e+02,1.501119284450264146e+01,4.591186943937212300e-02
6.671167573641794206e+02,1.498987979182329866e+01,4.002411809962304334e-02
6.680639368948310448e+02,1.496862717433920587e+01,4.619636626059166890e-02
6.690111164254826690e+02,1.494743473535965173e+01,4.769393479088389343e-02
6.699582959561341795e+02,1.492630221964555659e+01,4.642743882390740207e-02
6.709054754867856900e+02,1.490522937339920695e+01,3.844444916243221211e-02
6.718526550174372005e+02,1.488421594425411776e+01,3.362790916287067278e-02
6.727998345480888247e+02,1.486326168126493918e+01,4.183013810073018396e-02
6.737470140787404489e+02,1.484236633489748591e+01,4.810010032932937607e-02
6.746941936093919594e+02,1.482152965701881975e+01,4.592871193672661695e-02
6.756413731400434699e+02,1.480075140088742280e+01,5.257470631983328369e-02
6.765885526706949804e+02,1.478003132114347018e+01,4.457040271260826608e-02
6.775357322013466046e+02,1.475936917379916302e+01,5.868334815921476266e-02
6.784829117319982288e+02,1.473876471622916107e+01,4.304734702117358341e-02
6.794300912626497393e+02,1.471821770716108091e+01,5.801313491901582270e-02
6.803772707933012498e+02,1.469772790666606710e+01,4.773854126789419533e-02
6.813244503239528740e+02,1.467729507614947337e+01,4.532579780186878765e-02
6.822716298546043845e+02,1.465691897834159008e+01,5.162258290457407556e-02
6.832188093852560087e+02,1.463659937728845861e+01,4.888687776619575487e-02
6.841659889159075192e+02,1.461633603834277118e+01,4.413382247663724667e-02
6.851131684465590297e+02,1.459612872815483087e+01,5.022167165434857083e-02
6.860603479772106539e+02,1.457597721466359530e+01,4.592930843816284830e-02
6.870075275078621644e+02,1.455588126708780372e+01,4.519059088973207544e-02
6.879547070385137886e+02,1.453584065591714847e+01,4.053787674977672728e-02
6.889018865691652991e+02,1.451585515290355666e+01,3.729167555210727292e-02
6.898490660998168096e+02,1.449592453105251089e+01,4.370241464051250607e-02
6.907962456304684338e+02,1.447604856461445877e+01,3.487853662808319821e-02
6.917434251611200580e+02,1.445622702907629709e+01,3.301519277408473257e-02
6.926906046917715685e+02,1.443645970115290922e+01,3.380386948800183367e-02
6.936377842224230790e+02,1.441674635877878075e+01,4.423557928983555543e-02
6.945849637530745895e+02,1.439708678109969320e+01,3.750402567872517662e-02
6.955321432837262137e+02,1.437748074846446222e+01,2.788729922674011014e-02
6.964793228143778379e+02,1.435792804241677345e+01,3.801708681758914771e-02
6.974265023450293484e+02,1.433842844568705743e+01,2.879064185009424376e-02
6.983736818756808589e+02,1.431898174218444275e+01,2.870320250949143226e-02
6.993208614063323694e+02,1.429958771698877484e+01,3.506406594513632874e-02
7.002680409369839936e+02,1.428024615634270233e+01,5.144450416543874111e-02
7.012152204676356178e+02,1.426095684764382199e+01,4.845770659899909655e-02
7.021623999982871283e+02,1.424171957943688582e+01,4.583630910723054952e-02
7.031095795289386388e+02,1.422253414140607575e+01,4.090296123700099679e-02
7.040567590595901493e+02,1.420340032436733857e+01,5.083510921898680424e-02
7.050039385902417735e+02,1.418431792026078497e+01,5.260080606465521169e-02
7.059511181208933976e+02,1.416528672214314710e+01,5.558038803908278008e-02
7.068982976515449081e+02,1.414630652418030365e+01,4.022050124635501156e-02
7.078454771821964187e+02,1.412737712163984405e+01,4.935929046121950714e-02
7.087926567128480428e+02,1.410849831088371786e+01,4.403665935277081139e-02
7.097398362434995533e+02,1.408966988936093934e+01,4.763945128791968742e-02
7.106870157741511775e+02,1.407089165560032384e+01,5.610448770338782865e-02
7.116341953048026880e+02,1.405216340920332385e+01,4.264620085397432397e-02
7.125813748354541985e+02,1.403348495083687908e+01,5.425310387611446961e-02
7.135285543661058227e+02,1.401485608222635904e+01,5.661173996921443213e-02
7.144757338967574469e+02,1.399627660614854641e+01,4.971926276270160344e-02
7.154229134274089574e+02,1.397774632642467019e+01,5.244106555064105557e-02
7.163700929580604679e+02,1.395926504791350276e+01,5.377966712181351389e-02
7.173172724887119784e+02,1.394083257650451202e+01,5.457384160980430915e-02
7.182644520193636026e+02,1.392244871911106507e+01,6.277632105043252919e-02
7.192116315500152268e+02,1.390411328366368693e+01,4.324854363079516650e-02
7.201588110806667373e+02,1.388582607910337074e+01,4.775707537731517516e-02
7.211059906113182478e+02,1.386758691537493782e+01,4.642017352393560531e-02
7.220531701419697583e+02,1.384939560342045795e+01,3.836077669866713030e-02
7.230003496726213825e+02,1.383125195517271422e+01,4.773496478260894765e-02
7.239475292032730067e+02,1.381315578354872464e+01,3.228650223862350455e-02
7.248947087339245172e+02,1.379510690244331705e+01,2.832934695439682377e-02
7.258418882645760277e+02,1.377710512672273424e+01,3.298718769328948947e-02
7.267890677952275382e+02,1.375915027221831366e+01,1.558596126083049496e-02
7.277362473258791624e+02,1.374124215572020979e+01,8.199054224606403679e-03
7.286834268565307866e+02,1.372338059497115914e+01,3.054037486903233081e-02
7.296306063871822971e+02,1.370556540866029316e+01,5.206579153706079356e-03
7.305777859178338076e+02,1.368779641641701161e+01,3.215164484921002180e-02
7.315249654484853181e+02,1.367007343880488435e+01,1.286342532919703720e-02
7.324721449791369423e+02,1.365239629731562054e+01,1.737517360757364487e-02
7.334193245097885665e+02,1.363476481436307530e+01,8.530010765371858969e-03
7.343665040404400770e+02,1.361717881327730062e+01,5.103929612753798500e-02
7.353136835710915875e+02,1.359963811829863722e+01,1.902658217904975094e-02
7.362608631017432117e+02,1.358214255457186859e+01,4.243695911083288086e-02
7.372080426323947222e+02,1.356469194814041401e+01,8.629826724295979259e-03
7.381552221630463464e+02,1.354728612594054660e+01,3.065887481890265318e-02
7.391024016936978569e+02,1.352992491579569290e+01,8.538797439693757846e-03
7.400495812243493674e+02,1.351260814641073971e+01,9.307523597901171120e-03
7.409967607550009916e+02,1.349533564736640479e+01,2.616637906627765006e-02
7.419439402856526158e+02,1.347810724911365021e+01,2.966325764635734108e-02
7.428911198163041263e+02,1.346092278296813660e+01,1.933598456147464853e-02
7.438382993469556368e+02,1.344378208110470574e+01,1.707259608195061187e-02
7.447854788776071473e+02,1.342668497655192716e+01,8.617814801516160417e-03
7.457326584082587715e+02,1.340963130318667140e+01,1.972617730545058248e-02
7.466798379389103957e+02,1.339262089572874004e+01,3.774209702809466771e-02
7.476270174695619062e+02,1.337565358973551177e+01,2.703846983986765706e-02
7.485741970002134167e+02,1.335872922159665244e+01,1.216293646556362330e-02
7.495213765308649272e+02,1.334184762852884987e+01,1.786026848637325970e-02
