# wavenlength / nm,    wavenumber / 10^3 cm-1, norm. transient absorption
3.507587941265592235e+02,2.850962019327687713e+01,1.594260040637394571e+00
3.517059736572107909e+02,2.843284092111119676e+01,1.607666502928745578e+00
3.526531531878623582e+02,2.835647408680019765e+01,1.607079310255012050e+00
3.536003327185139256e+02,2.828051637598591128e+01,1.600850566967062516e+00
3.545475122491654929e+02,2.820496450972781233e+01,1.613465942356738569e+00
3.554946917798170603e+02,2.812981524403100053e+01,1.626911750623373676e+00
3.564418713104686276e+02,2.805506536938187878e+01,1.633662363341900958e+00
3.573890508411201381e+02,2.798071171029123505e+01,1.632402618291698859e+00
3.583362303717717054e+02,2.790675112484456122e+01,1.676597051696983476e+00
3.592834099024232728e+02,2.783318050425949508e+01,1.673031005474964195e+00
3.602305894330748401e+02,2.775999677245022568e+01,1.701824409777069391e+00
3.611777689637264075e+02,2.768719688559877667e+01,1.720732715112311295e+00
3.621249484943779180e+02,2.761477783173299372e+01,1.741004633747615049e+00
3.630721280250294853e+02,2.754273663031115404e+01,1.763052915773379636e+00
3.640193075556810527e+02,2.747107033181304914e+01,1.789069927721613773e+00
3.649664870863326200e+02,2.739977601733746582e+01,1.829386098712255881e+00
3.659136666169841874e+02,2.732885079820585617e+01,1.861906516420103186e+00
3.668608461476356979e+02,2.725829181557222824e+01,1.884454049870655457e+00
3.678080256782873221e+02,2.718809624003896985e+01,1.934440970965954021e+00
3.687552052089388326e+02,2.711826127127871189e+01,1.970517314141881027e+00
3.697023847395903999e+02,2.704878413766187251e+01,2.009222381690581205e+00
3.706495642702419673e+02,2.697966209589002418e+01,2.034970391930061240e+00
3.715967438008935346e+02,2.691089243063478520e+01,2.074677740243746626e+00
3.725439233315451020e+02,2.684247245418229610e+01,2.079278165215399543e+00
3.734911028621966125e+02,2.677439950608302155e+01,2.105937189106250607e+00
3.744382823928481798e+02,2.670667095280693815e+01,2.112704047238373128e+00
3.753854619234997472e+02,2.663928418740391280e+01,2.130673994632949153e+00
3.763326414541513145e+02,2.657223662916920404e+01,2.114525786702805554e+00
3.772798209848028819e+02,2.650552572331401535e+01,2.125080848255423316e+00
3.782270005154543924e+02,2.643914894064100451e+01,2.128156800074695099e+00
3.791741800461059597e+02,2.637310377722460686e+01,2.133149324301722327e+00
3.801213595767575271e+02,2.630738775409622932e+01,2.130109509234512810e+00
3.810685391074090944e+02,2.624199841693404878e+01,2.123245082292939401e+00
3.820157186380606618e+02,2.617693333575747872e+01,2.112155580581618786e+00
3.829628981687122291e+02,2.611219010462615131e+01,2.088123630417344501e+00
3.839100776993637965e+02,2.604776634134335467e+01,2.053075267118523506e+00
3.848572572300153070e+02,2.598365968716385765e+01,2.034189951973883748e+00
3.858044367606668743e+02,2.591986780650602640e+01,1.990187850154643945e+00
3.867516162913184417e+02,2.585638838666819339e+01,1.943614348281312187e+00
3.876987958219700090e+02,2.579321913754915840e+01,1.885449474292014260e+00
3.886459753526215763e+02,2.573035779137277856e+01,1.831127536525065880e+00
3.895931548832730869e+02,2.566780210241661919e+01,1.752067772048866212e+00
3.905403344139246542e+02,2.560554984674446288e+01,1.685267627567624160e+00
3.914875139445762215e+02,2.554359882194281894e+01,1.598854773463260992e+00
3.924346934752277889e+02,2.548194684686114186e+01,1.508617514378643776e+00
3.933818730058793562e+02,2.542059176135587606e+01,1.399410106486351779e+00
3.943290525365308667e+02,2.535953142603814214e+01,1.283754142711639901e+00
3.952762320671824909e+02,2.529876372202507184e+01,1.160997273608216362e+00
3.962234115978340014e+02,2.523828655069473825e+01,1.046473952460571288e+00
3.971705911284855688e+02,2.517809783344451446e+01,9.269680235553596770e-01
3.981177706591371361e+02,2.511819551145296714e+01,8.157195576626520284e-01
3.990649501897887035e+02,2.505857754544508254e+01,7.039645142708194081e-01
4.000121297204402708e+02,2.499924191546086760e+01,5.957991331544132407e-01
4.009593092510917813e+02,2.494018662062719116e+01,4.854657994490219064e-01
4.019064887817433487e+02,2.488140967893288646e+01,3.904038849792952348e-01
4.028536683123949160e+02,2.482290912700700503e+01,3.074602047681605499e-01
4.038008478430464834e+02,2.476468301990020748e+01,2.097427665321571766e-01
4.047480273736980507e+02,2.470672943086920270e+01,1.317604989316991104e-01
4.056952069043495612e+02,2.464904645116424220e+01,5.897317966204475292e-02
4.066423864350011854e+02,2.459163218981951005e+01,-1.733248604215019070e-02
4.075895659656526959e+02,2.453448477344656453e+01,-9.015646880872768554e-02
4.085367454963042633e+02,2.447760234603049412e+01,-1.431758992172498801e-01
4.094839250269558306e+02,2.442098306872903990e+01,-1.978533469655689991e-01
4.104311045576073980e+02,2.436462511967442168e+01,-2.435969973706682001e-01
4.113782840882589653e+02,2.430852669377792097e+01,-2.724606147713896087e-01
4.123254636189104758e+02,2.425268600253717111e+01,-3.089855889358179009e-01
4.132726431495620432e+02,2.419710127384606935e+01,-3.306689884179417893e-01
4.142198226802136105e+02,2.414177075180733212e+01,-3.616987230713163415e-01
4.151670022108651779e+02,2.408669269654758338e+01,-3.714776038432013872e-01
4.161141817415167452e+02,2.403186538403498673e+01,-3.689670245154765271e-01
4.170613612721682557e+02,2.397728710589937151e+01,-3.841712411139888705e-01
4.180085408028198231e+02,2.392295616925476409e+01,-3.769937948436705710e-01
4.189557203334713904e+02,2.386887089652437410e+01,-3.666566064195215247e-01
4.199028998641229578e+02,2.381502962526792544e+01,-3.297383643001682851e-01
4.208500793947745251e+02,2.376143070801132495e+01,-3.228779438855544082e-01
4.217972589254260356e+02,2.370807251207861555e+01,-2.920026256678305288e-01
4.227444384560776598e+02,2.365495341942619234e+01,-2.813296480517454290e-01
4.236916179867291703e+02,2.360207182647927482e+01,-2.439298333302674093e-01
4.246387975173807376e+02,2.354942614397049638e+01,-2.196601907192789749e-01
4.255859770480323050e+02,2.349701479678073213e+01,-1.878248650113094054e-01
4.265331565786838723e+02,2.344483622378198362e+01,-1.501362534651725644e-01
4.274803361093354397e+02,2.339288887768238467e+01,-1.204902634226660552e-01
4.284275156399868933e+02,2.334117122487325702e+01,-9.952481135561853931e-02
4.293746951706385175e+02,2.328968174527817325e+01,-6.595892582382831271e-02
4.303218747012900849e+02,2.323841893220405197e+01,-4.747267174228606001e-02
4.312690542319416522e+02,2.318738129219417843e+01,-1.792463208542582898e-02
4.322162337625932196e+02,2.313656734488315792e+01,6.355291107451528469e-03
4.331634132932447301e+02,2.308597562285381599e+01,2.064260558820174563e-02
4.341105928238963543e+02,2.303560467149589641e+01,5.291286976715667972e-02
4.350577723545478648e+02,2.298545304886670593e+01,6.160417090108875199e-02
4.360049518851994321e+02,2.293551932555346440e+01,8.834682749721191330e-02
4.369521314158509995e+02,2.288580208453753073e+01,9.808276185806459602e-02
4.378993109465025668e+02,2.283629992106035544e+01,1.168045024838679363e-01
4.388464904771541342e+02,2.278701144249116339e+01,1.294559932184223272e-01
4.397936700078056447e+02,2.273793526819637023e+01,1.466354234448250526e-01
4.407408495384572120e+02,2.268907002941065443e+01,1.468189000050597881e-01
4.416880290691087225e+02,2.264041436910971683e+01,1.586031450240791563e-01
4.426352085997603467e+02,2.259196694188464605e+01,1.619471156228945996e-01
4.435823881304119141e+02,2.254372641381792164e+01,1.551520177237084019e-01
4.445295676610633677e+02,2.249569146236097694e+01,1.610645826730472963e-01
4.454767471917150488e+02,2.244786077621332510e+01,1.661973882850694695e-01
4.464239267223665024e+02,2.240023305520327668e+01,1.676915364675021225e-01
4.473711062530181266e+02,2.235280701017006422e+01,1.725027363485316378e-01
4.483182857836697508e+02,2.230558136284758319e+01,1.703297631777201948e-01
4.492654653143212045e+02,2.225855484574952570e+01,1.745091967120483145e-01
4.502126448449728287e+02,2.221172620205596715e+01,1.684067849467677791e-01
4.511598243756243392e+02,2.216509418550143451e+01,1.714785418738865586e-01
4.521070039062759065e+02,2.211865756026432095e+01,1.648226229975759682e-01
4.530541834369274170e+02,2.207241510085771807e+01,1.505764334973551388e-01
4.540013629675790412e+02,2.202636559202161592e+01,1.482810935447225476e-01
4.549485424982306085e+02,2.198050782861644592e+01,1.459234806017445651e-01
4.558957220288821190e+02,2.193484061551793829e+01,1.377362674825864663e-01
4.568429015595337432e+02,2.188936276751329757e+01,1.286969118734725415e-01
4.577900810901852537e+02,2.184407310919868195e+01,1.216852149903692448e-01
4.587372606208368211e+02,2.179897047487792250e+01,1.047744271939127642e-01
4.596844401514883316e+02,2.175405370846251429e+01,9.471689457597910755e-02
4.606316196821398989e+02,2.170932166337284386e+01,9.577968154115970578e-02
4.615787992127915800e+02,2.166477320244060678e+01,7.697674699413419031e-02
4.625259787434430905e+02,2.162040719781248299e+01,5.296238692924183644e-02
4.634731582740946010e+02,2.157622253085490271e+01,3.498417720908062606e-02
4.644203378047461683e+02,2.153221809206005943e+01,1.468674562151679568e-02
4.653675173353976220e+02,2.148839278095304550e+01,7.578661353478823894e-03
4.663146968660493030e+02,2.144474550600007845e+01,-2.500546196102872501e-02
4.672618763967008135e+02,2.140127518451793520e+01,-4.907123036629378737e-02
4.682090559273523240e+02,2.135798074258437040e+01,-7.214871597328784136e-02
4.691562354580038914e+02,2.131486111494971425e+01,-9.532574726423120870e-02
4.701034149886555156e+02,2.127191524494949348e+01,-1.136320610393053848e-01
4.710505945193070829e+02,2.122914208441812534e+01,-1.350639060165786387e-01
4.719977740499585934e+02,2.118654059360362751e+01,-1.660701878244461027e-01
4.729449535806101608e+02,2.114410974108336561e+01,-1.923446086720854986e-01
4.738921331112617281e+02,2.110184850368084142e+01,-2.257178038062639114e-01
4.748393126419132386e+02,2.105975586638341213e+01,-2.420949026585113018e-01
4.757864921725648628e+02,2.101783082226105037e+01,-2.591118614824473587e-01
4.767336717032163733e+02,2.097607237238605293e+01,-2.948943483651061959e-01
4.776808512338680544e+02,2.093447952575368021e+01,-3.237033426427030625e-01
4.786280307645195080e+02,2.089305129920379756e+01,-3.424884892324390750e-01
4.795752102951710754e+02,2.085178671734336575e+01,-3.699557201365268333e-01
4.805223898258225859e+02,2.081068481246992619e+01,-3.919622716050401579e-01
4.814695693564742101e+02,2.076974462449592806e+01,-4.179909808256194181e-01
4.824167488871257774e+02,2.072896520087399708e+01,-4.366738763596077488e-01
4.833639284177772879e+02,2.068834559652303895e+01,-4.634874442562285646e-01
4.843111079484289121e+02,2.064788487375522763e+01,-4.807963514638687319e-01
4.852582874790804226e+02,2.060758210220387454e+01,-5.002275129299031953e-01
4.862054670097319899e+02,2.056743635875208653e+01,-5.243076502711447873e-01
4.871526465403835005e+02,2.052744672746231203e+01,-5.382349581373083725e-01
4.880998260710350678e+02,2.048761229950666163e+01,-5.534248235145070582e-01
4.890470056016866920e+02,2.044793217309806721e+01,-5.796433356105716861e-01
4.899941851323382025e+02,2.040840545342224388e+01,-5.916307006209572394e-01
4.909413646629897130e+02,2.036903125257040159e+01,-6.144215998496912468e-01
4.918885441936413372e+02,2.032980868947277031e+01,-6.213817022826715331e-01
4.928357237242928477e+02,2.029073688983289259e+01,-6.434671267591530741e-01
4.937829032549444719e+02,2.025181498606263375e+01,-6.569105706466894512e-01
4.947300827855959824e+02,2.021304211721800215e+01,-6.776089879684800144e-01
4.956772623162476066e+02,2.017441742893562306e+01,-6.893011836009010906e-01
4.966244418468991171e+02,2.013594007337002978e+01,-7.065330128041014124e-01
4.975716213775506844e+02,2.009760920913159055e+01,-7.189684283629926842e-01
4.985188009082021949e+02,2.005942400122520297e+01,-7.293325451505016099e-01
4.994659804388537623e+02,2.002138362098964208e+01,-7.415688666470316992e-01
5.004131599695053296e+02,1.998348724603763316e+01,-7.575399093265050565e-01
5.013603395001569538e+02,1.994573406019657824e+01,-7.763087839209799057e-01
5.023075190308084643e+02,1.990812325344996836e+01,-8.025316071071812996e-01
5.032546985614600317e+02,1.987065402187943874e+01,-8.098739024434360445e-01
5.042018780921114853e+02,1.983332556760750975e+01,-8.260582244570157107e-01
5.051490576227631095e+02,1.979613709874092820e+01,-8.324830952054631528e-01
5.060962371534147337e+02,1.975908782931469432e+01,-8.496716599259511726e-01
5.070434166840662442e+02,1.972217697923667501e+01,-8.654065072679069104e-01
5.079905962147178116e+02,1.968540377423284582e+01,-8.903510446944058465e-01
5.089377757453693789e+02,1.964876744579317247e+01,-9.009949128899442661e-01
5.098849552760209463e+02,1.961226723111805370e+01,-9.177345372462959450e-01
5.108321348066724568e+02,1.957590237306539294e+01,-9.312324581060535955e-01
5.117793143373240810e+02,1.953967212009823129e+01,-9.343047045555522567e-01
5.127264938679755915e+02,1.950357572623299518e+01,-9.485752155236591987e-01
5.136736733986272156e+02,1.946761245098827686e+01,-9.602694167034071526e-01
5.146208529292787262e+02,1.943178155933420825e+01,-9.692293354440028041e-01
5.155680324599302367e+02,1.939608232164238544e+01,-9.836769325227320282e-01
5.165152119905818608e+02,1.936051401363632962e+01,-9.836699351994523388e-01
5.174623915212333713e+02,1.932507591634253785e+01,-9.867553095142580499e-01
5.184095710518849955e+02,1.928976731604199202e+01,-9.878707442281897677e-01
5.193567505825365060e+02,1.925458750422228960e+01,-9.820660026467920023e-01
5.203039301131880165e+02,1.921953577753021847e+01,nan
5.212511096438396407e+02,1.918461143772489663e+01,nan
5.221982891744911512e+02,1.914981379163141284e+01,nan
5.231454687051427754e+02,1.911514215109495396e+01,nan
5.240926482357942859e+02,1.908059583293544748e+01,nan
5.250398277664457964e+02,1.904617415890269072e+01,nan
5.259870072970974206e+02,1.901187645563195616e+01,nan
5.269341868277489311e+02,1.897770205460009407e+01,nan
5.278813663584005553e+02,1.894365029208207574e+01,nan
5.288285458890520658e+02,1.890972050910805891e+01,nan
5.297757254197035763e+02,1.887591205142084050e+01,nan
5.307229049503552005e+02,1.884222426943381734e+01,nan
5.316700844810067110e+02,1.880865651818940876e+01,nan
5.326172640116583352e+02,1.877520815731784509e+01,nan
5.335644435423098457e+02,1.874187855099649980e+01,nan
5.345116230729613562e+02,1.870866706790955902e+01,nan
5.354588026036129804e+02,1.867557308120818149e+01,nan
5.364059821342646046e+02,1.864259596847105982e+01,nan
5.373531616649161151e+02,1.860973511166539396e+01,nan
5.383003411955676256e+02,1.857698989710828030e+01,nan
5.392475207262192498e+02,1.854435971542850936e+01,nan
5.401947002568707603e+02,1.851184396152877554e+01,nan
5.411418797875223845e+02,1.847944203454825640e+01,nan
5.420890593181738950e+02,1.844715333782561473e+01,nan
5.430362388488254055e+02,1.841497727886237357e+01,nan
5.439834183794770297e+02,1.838291326928665015e+01,nan
5.449305979101285402e+02,1.835096072481734097e+01,nan
5.458777774407801644e+02,1.831911906522858047e+01,nan
5.468249569714316749e+02,1.828738771431465437e+01,nan
5.477721365020831854e+02,1.825576609985522580e+01,nan
5.487193160327348096e+02,1.822425365358093785e+01,nan
5.496664955633863201e+02,1.819284981113938571e+01,nan
5.506136750940379443e+02,1.816155401206140496e+01,-5.720627219272416131e-01
5.515608546246894548e+02,1.813036569972776135e+01,-5.620976994434364604e-01
5.525080341553409653e+02,1.809928432133611409e+01,-5.556399429528140477e-01
5.534552136859925895e+02,1.806830932786836641e+01,-5.324359906041575830e-01
5.544023932166442137e+02,1.803744017405836431e+01,-5.320466528978957665e-01
5.553495727472957242e+02,1.800667631835986526e+01,-5.065701555807280432e-01
5.562967522779472347e+02,1.797601722291489423e+01,-4.985298433388076211e-01
5.572439318085987452e+02,1.794546235352237673e+01,-4.941318188558487812e-01
5.581911113392503694e+02,1.791501117960713074e+01,-4.869155405757968902e-01
5.591382908699019936e+02,1.788466317418915352e+01,-4.664353259616531022e-01
5.600854704005535041e+02,1.785441781385321391e+01,-4.483150869404416428e-01
5.610326499312050146e+02,1.782427457871876086e+01,-4.302504118563407198e-01
5.619798294618565251e+02,1.779423295241014458e+01,-4.074311332018148435e-01
5.629270089925081493e+02,1.776429242202711123e+01,-3.845243853861087246e-01
5.638741885231597735e+02,1.773445247811564585e+01,-3.630217845918586872e-01
5.648213680538112840e+02,1.770471261463905321e+01,-3.252859634263151611e-01
5.657685475844627945e+02,1.767507232894934788e+01,-3.041568029924737182e-01
5.667157271151143050e+02,1.764553112175894611e+01,-2.591054452715629286e-01
5.676629066457659292e+02,1.761608849711263503e+01,-2.335346860510167377e-01
5.686100861764175534e+02,1.758674396235980453e+01,-2.013641091626590107e-01
5.695572657070690639e+02,1.755749702812699198e+01,-1.626312007371425172e-01
5.705044452377205744e+02,1.752834720829063997e+01,-1.304267519513962470e-01
5.714516247683720849e+02,1.749929401995020228e+01,-8.988616275614456919e-02
5.723988042990237091e+02,1.747033698340144525e+01,-5.308158858136055591e-02
5.733459838296753333e+02,1.744147562211007596e+01,-7.336236246316929846e-03
5.742931633603268438e+02,1.741270946268558362e+01,3.646137941413081507e-02
5.752403428909783543e+02,1.738403803485534738e+01,7.782615082155749930e-02
5.761875224216300921e+02,1.735546087143903193e+01,1.170678717435708199e-01
5.771347019522816026e+02,1.732697750832320693e+01,1.524584490384628122e-01
5.780818814829331131e+02,1.729858748443620442e+01,1.945822016495742934e-01
5.790290610135846237e+02,1.727029034172326050e+01,2.107528706435899679e-01
5.799762405442361342e+02,1.724208562512187370e+01,2.579012916236741448e-01
5.809234200748877583e+02,1.721397288253739788e+01,2.947224887432652318e-01
5.818705996055393825e+02,1.718595166481891567e+01,3.324326230046608099e-01
5.828177791361908930e+02,1.715802152573528971e+01,3.639318670781742093e-01
5.837649586668424035e+02,1.713018202195149442e+01,3.947719996984094815e-01
5.847121381974939140e+02,1.710243271300513612e+01,4.199491910859202703e-01
5.856593177281455382e+02,1.707477316128325029e+01,4.527614600077459195e-01
5.866064972587971624e+02,1.704720293199929060e+01,4.718178876073770289e-01
5.875536767894486729e+02,1.701972159317032762e+01,5.017045817178623635e-01
5.885008563201001834e+02,1.699232871559451397e+01,4.973334487064183240e-01
5.894480358507516939e+02,1.696502387282871638e+01,5.231510208508439730e-01
5.903952153814033181e+02,1.693780664116640011e+01,5.357719893025664204e-01
5.913423949120549423e+02,1.691067659961571223e+01,5.523840108658348846e-01
5.922895744427064528e+02,1.688363332987777099e+01,5.552368251934549637e-01
5.932367539733579633e+02,1.685667641632516833e+01,5.521005600272955727e-01
5.941839335040094738e+02,1.682980544598067851e+01,5.502517320921146426e-01
5.951311130346610980e+02,1.680302000849615851e+01,5.394797628410409329e-01
5.960782925653127222e+02,1.677631969613168295e+01,5.351928863337986897e-01
5.970254720959642327e+02,1.674970410373483531e+01,5.328033899291018116e-01
5.979726516266157432e+02,1.672317282872021593e+01,5.114043548559086272e-01
5.989198311572672537e+02,1.669672547104914884e+01,5.137723032330163697e-01
5.998670106879188779e+02,1.667036163320957343e+01,5.018537711769017751e-01
6.008141902185705021e+02,1.664408092019613505e+01,4.909153491117219659e-01
6.017613697492220126e+02,1.661788293949044970e+01,4.600055256317332475e-01
6.027085492798735231e+02,1.659176730104155695e+01,4.579155111764766639e-01
6.036557288105251473e+02,1.656573361724657900e+01,4.437338048486651476e-01
6.046029083411766578e+02,1.653978150293152893e+01,4.293931971901835398e-01
6.055500878718282820e+02,1.651391057533231788e+01,4.020216354957291682e-01
6.064972674024797925e+02,1.648812045407595406e+01,3.888848573277668974e-01
6.074444469331314167e+02,1.646241076116186619e+01,3.661704643835675954e-01
6.083916264637829272e+02,1.643678112094347199e+01,3.591349920962729203e-01
6.093388059944345514e+02,1.641123116010985683e+01,3.325408502028885382e-01
6.102859855250860619e+02,1.638576050766767267e+01,3.349477227627096765e-01
6.112331650557375724e+02,1.636036879492315066e+01,3.017795090386269918e-01
6.121803445863890829e+02,1.633505565546433402e+01,2.914552308559738569e-01
6.131275241170407071e+02,1.630982072514344949e+01,2.730608318953827718e-01
6.140747036476923313e+02,1.628466364205943862e+01,2.478032008794545660e-01
6.150218831783438418e+02,1.625958404654067024e+01,2.397400014642557253e-01
6.159690627089954660e+02,1.623458158112778094e+01,2.311019250674271608e-01
6.169162422396468628e+02,1.620965589055670719e+01,2.046058438497198873e-01
6.178634217702984870e+02,1.618480662174184204e+01,1.878011131029704572e-01
6.188106013009501112e+02,1.616003342375939056e+01,1.703885244323578574e-01
6.197577808316016217e+02,1.613533594783082492e+01,1.582871000921181881e-01
6.207049603622530185e+02,1.611071384730652767e+01,1.372096042500223767e-01
6.216521398929047564e+02,1.608616677764955938e+01,1.267862636276564092e-01
6.225993194235562669e+02,1.606169439641961461e+01,1.220055229894811133e-01
6.235464989542080048e+02,1.603729636325707375e+01,9.349010896271479909e-02
6.244936784848592879e+02,1.601297233986724322e+01,8.648566914915745141e-02
6.254408580155109121e+02,1.598872199000468974e+01,7.007812320401475559e-02
6.263880375461625363e+02,1.596454497945777895e+01,5.876979808316671466e-02
6.273352170768140468e+02,1.594044097603331345e+01,4.450010044484365573e-02
6.282823966074656710e+02,1.591640964954129878e+01,3.030068648463727851e-02
6.292295761381171815e+02,1.589245067177989590e+01,1.999534608311046360e-02
6.301767556687686920e+02,1.586856371652045716e+01,6.665688105237515225e-03
6.311239351994203162e+02,1.584474845949272215e+01,2.814124402045446727e-03
6.320711147300718267e+02,1.582100457837016450e+01,-1.392548766477761518e-02
6.330182942607234509e+02,1.579733175275541868e+01,-4.682093748693207276e-03
6.339654737913749614e+02,1.577372966416589861e+01,-1.850304028260001815e-02
6.349126533220264719e+02,1.575019799601949266e+01,-3.350760606580592549e-02
6.358598328526780961e+02,1.572673643362041496e+01,-4.114932805864830734e-02
6.368070123833297203e+02,1.570334466414518815e+01,-4.403562784838829097e-02
6.377541919139812308e+02,1.568002237662873100e+01,-5.163241051415048966e-02
6.387013714446327413e+02,1.565676926195057028e+01,-5.235757430026261039e-02
6.396485509752842518e+02,1.563358501282119839e+01,-5.823602780255153488e-02
6.405957305059358760e+02,1.561046932376852325e+01,-7.619412012558732239e-02
6.415429100365875001e+02,1.558742189112446930e+01,-6.707890399964404338e-02
6.424900895672390106e+02,1.556444241301166720e+01,-7.713877040247939243e-02
6.434372690978905212e+02,1.554153058933027332e+01,-7.654271374055043875e-02
6.443844486285420317e+02,1.551868612174490814e+01,-8.539045692686746125e-02
6.453316281591936558e+02,1.549590871367170841e+01,-8.929284275418344907e-02
6.462788076898452800e+02,1.547319807026549654e+01,-8.961438516567615808e-02
6.472259872204967905e+02,1.545055389840705296e+01,-1.065936677876642147e-01
6.481731667511483010e+02,1.542797590669050045e+01,-9.657620512258546785e-02
6.491203462817998115e+02,1.540546380541081284e+01,-1.029987080920244241e-01
6.500675258124514357e+02,1.538301730655141597e+01,-1.110004147446172484e-01
6.510147053431030599e+02,1.536063612377191845e+01,-1.045052787834886837e-01
6.519618848737545704e+02,1.533831997239592049e+01,-1.081236798660785009e-01
6.529090644044060809e+02,1.531606856939895245e+01,-1.108706794837394372e-01
6.538562439350577051e+02,1.529388163339649864e+01,-1.225453088899551568e-01
6.548034234657092156e+02,1.527175888463216147e+01,-1.119612300999058008e-01
6.557506029963608398e+02,1.524970004496586995e+01,-1.306335699843662324e-01
6.566977825270123503e+02,1.522770483786225348e+01,-1.250779412420380265e-01
6.576449620576638608e+02,1.520577298837906532e+01,-1.146168896199955267e-01
6.585921415883154850e+02,1.518390422315573041e+01,-1.175803564061442263e-01
6.595393211189669955e+02,1.516209827040200153e+01,-1.183606797870801336e-01
6.604865006496186197e+02,1.514035485988667951e+01,-1.096382514764494276e-01
6.614336801802701302e+02,1.511867372292646827e+01,-1.197483989200599369e-01
6.623808597109216407e+02,1.509705459237489400e+01,-9.739367866022650977e-02
6.633280392415732649e+02,1.507549720261133608e+01,-9.615858078283764931e-02
6.642752187722248891e+02,1.505400128953015582e+01,-9.957951946995317882e-02
6.652223983028763996e+02,1.503256659052990862e+01,-9.662946242115481865e-02
6.661695778335279101e+02,1.501119284450264146e+01,-9.403559385952213467e-02
6.671167573641794206e+02,1.498987979182329866e+01,-8.934613502420976627e-02
6.680639368948310448e+02,1.496862717433920587e+01,-9.671504156809661301e-02
6.690111164254826690e+02,1.494743473535965173e+01,-8.207336372548772185e-02
6.699582959561341795e+02,1.492630221964555659e+01,-8.282170298118117502e-02
6.709054754867856900e+02,1.490522937339920695e+01,-9.433994854799337970e-02
6.718526550174372005e+02,1.488421594425411776e+01,-7.327507321343264268e-02
6.727998345480888247e+02,1.486326168126493918e+01,-8.669598582174782575e-02
6.737470140787404489e+02,1.484236633489748591e+01,-7.639746868651325906e-02
6.746941936093919594e+02,1.482152965701881975e+01,-8.407132723087298865e-02
6.756413731400434699e+02,1.480075140088742280e+01,-9.102229473893400091e-02
6.765885526706949804e+02,1.478003132114347018e+01,-9.304270466933338424e-02
6.775357322013466046e+02,1.475936917379916302e+01,-8.827411442917892925e-02
6.784829117319982288e+02,1.473876471622916107e+01,-9.113752638268224349e-02
6.794300912626497393e+02,1.471821770716108091e+01,-8.994548373954813769e-02
6.803772707933012498e+02,1.469772790666606710e+01,-8.761734696312373227e-02
6.813244503239528740e+02,1.467729507614947337e+01,-8.481114256518275385e-02
6.822716298546043845e+02,1.465691897834159008e+01,-9.680885647814145567e-02
6.832188093852560087e+02,1.463659937728845861e+01,-9.684746724360804304e-02
6.841659889159075192e+02,1.461633603834277118e+01,-9.173225645860764998e-02
6.851131684465590297e+02,1.459612872815483087e+01,-9.608423078307540277e-02
6.860603479772106539e+02,1.457597721466359530e+01,-1.121060582933820771e-01
6.870075275078621644e+02,1.455588126708780372e+01,-1.017001032185750331e-01
6.879547070385137886e+02,1.453584065591714847e+01,-1.015345320686876773e-01
6.889018865691652991e+02,1.451585515290355666e+01,-9.475720069798983236e-02
6.898490660998168096e+02,1.449592453105251089e+01,-1.016477722798685979e-01
6.907962456304684338e+02,1.447604856461445877e+01,-9.696102853550518652e-02
6.917434251611200580e+02,1.445622702907629709e+01,-9.016962321250836243e-02
6.926906046917715685e+02,1.443645970115290922e+01,-8.295269235265741170e-02
6.936377842224230790e+02,1.441674635877878075e+01,-8.359009850807341824e-02
6.945849637530745895e+02,1.439708678109969320e+01,-7.716352097660883480e-02
6.955321432837262137e+02,1.437748074846446222e+01,-8.078258490731179964e-02
6.964793228143778379e+02,1.435792804241677345e+01,-7.304023866960884792e-02
6.974265023450293484e+02,1.433842844568705743e+01,-7.758435113131305350e-02
6.983736818756808589e+02,1.431898174218444275e+01,-6.947405932116906824e-02
6.993208614063323694e+02,1.429958771698877484e+01,-5.874791301014340578e-02
7.002680409369839936e+02,1.428024615634270233e+01,-5.931556028373365097e-02
7.012152204676356178e+02,1.426095684764382199e+01,-6.339582147511092780e-02
7.021623999982871283e+02,1.424171957943688582e+01,-4.201085238988088583e-02
7.031095795289386388e+02,1.422253414140607575e+01,-2.881413814381430724e-02
7.040567590595901493e+02,1.420340032436733857e+01,-3.073959840511583663e-02
7.050039385902417735e+02,1.418431792026078497e+01,-2.735040641473779691e-02
7.059511181208933976e+02,1.416528672214314710e+01,-1.989712911434754136e-02
7.068982976515449081e+02,1.414630652418030365e+01,-1.103996841222486605e-02
7.078454771821964187e+02,1.412737712163984405e+01,-1.022153134761059380e-02
7.087926567128480428e+02,1.410849831088371786e+01,-3.585391694079564495e-03
7.097398362434995533e+02,1.408966988936093934e+01,2.794761947300421906e-03
7.106870157741511775e+02,1.407089165560032384e+01,-3.918504208276068004e-03
7.116341953048026880e+02,1.405216340920332385e+01,1.358157540331727956e-03
7.125813748354541985e+02,1.403348495083687908e+01,1.363430550900952788e-03
7.135285543661058227e+02,1.401485608222635904e+01,-4.517113535991983120e-03
7.144757338967574469e+02,1.399627660614854641e+01,4.612447322385765207e-03
7.154229134274089574e+02,1.397774632642467019e+01,-1.494619552621587145e-03
7.163700929580604679e+02,1.395926504791350276e+01,-2.147496965340507224e-03
7.173172724887119784e+02,1.394083257650451202e+01,-1.519417134185385709e-02
7.182644520193636026e+02,1.392244871911106507e+01,-1.996942331191370670e-02
7.192116315500152268e+02,1.390411328366368693e+01,-1.984850707904356124e-02
7.201588110806667373e+02,1.388582607910337074e+01,-2.898081727002661465e-02
7.211059906113182478e+02,1.386758691537493782e+01,-3.258163250607409855e-02
7.220531701419697583e+02,1.384939560342045795e+01,-3.146388983455816746e-02
7.230003496726213825e+02,1.383125195517271422e+01,-2.430991086828490633e-02
7.239475292032730067e+02,1.381315578354872464e+01,-2.740362569451585892e-02
7.248947087339245172e+02,1.379510690244331705e+01,-2.549570040697624745e-02
7.258418882645760277e+02,1.377710512672273424e+01,-3.395819059789850769e-02
7.267890677952275382e+02,1.375915027221831366e+01,-3.063009268961883191e-02
7.277362473258791624e+02,1.374124215572020979e+01,-4.558511504785422996e-02
7.286834268565307866e+02,1.372338059497115914e+01,-3.202304125184912698e-02
7.296306063871822971e+02,1.370556540866029316e+01,-2.901296583673902696e-02
7.305777859178338076e+02,1.368779641641701161e+01,-8.579922523851632454e-03
7.315249654484853181e+02,1.367007343880488435e+01,-1.373667994530171008e-02
7.324721449791369423e+02,1.365239629731562054e+01,3.121973261633548269e-03
7.334193245097885665e+02,1.363476481436307530e+01,3.066496253903254910e-03
7.343665040404400770e+02,1.361717881327730062e+01,1.106914701033797710e-03
7.353136835710915875e+02,1.359963811829863722e+01,1.907010561535740778e-02
7.362608631017432117e+02,1.358214255457186859e+01,3.048868793262324989e-02
7.372080426323947222e+02,1.356469194814041401e+01,1.005976974101468503e-02
7.381552221630463464e+02,1.354728612594054660e+01,3.807716330068883215e-02
7.391024016936978569e+02,1.352992491579569290e+01,4.331428020526906231e-02
7.400495812243493674e+02,1.351260814641073971e+01,3.821366220711472361e-02
7.409967607550009916e+02,1.349533564736640479e+01,8.068441487190962380e-02
7.419439402856526158e+02,1.347810724911365021e+01,1.865944778196734072e-02
7.428911198163041263e+02,1.346092278296813660e+01,3.592450896428261986e-02
7.438382993469556368e+02,1.344378208110470574e+01,2.033524267921050458e-03
7.447854788776071473e+02,1.342668497655192716e+01,2.275424563755235052e-02
7.457326584082587715e+02,1.340963130318667140e+01,6.824096521307299826e-04
7.466798379389103957e+02,1.339262089572874004e+01,-5.792659573903950754e-03
7.476270174695619062e+02,1.337565358973551177e+01,1.735146063727342411e-02
7.485741970002134167e+02,1.335872922159665244e+01,1.630633631920126031e-02
7.495213765308649272e+02,1.334184762852884987e+01,2.601598232605105854e-03
