# wavenlength / nm,    wavenumber / 10^3 cm-1,  extinction coefficient / M-1 s-1
7.990000000000000000e+02,1.251564455569461920e+01,1.950993028901734050e+01
7.980000000000000000e+02,1.253132832080200387e+01,1.845277687861271332e+01
7.970000000000000000e+02,1.254705144291091479e+01,1.899363483815028530e+01
7.960000000000000000e+02,1.256281407035175945e+01,1.833765177071290964e+01
7.950000000000000000e+02,1.257861635220125684e+01,1.810174184200385028e+01
7.940000000000000000e+02,1.259445843828715361e+01,1.860244167244701075e+01
7.930000000000000000e+02,1.261034047919293855e+01,1.939516946050095925e+01
7.920000000000000000e+02,1.262626262626262807e+01,1.854767129287090199e+01
7.910000000000000000e+02,1.264222503160556421e+01,1.841642120423891882e+01
7.900000000000000000e+02,1.265822784810126578e+01,1.849565899036608840e+01
7.890000000000000000e+02,1.267427122940430806e+01,1.946444262042388829e+01
7.880000000000000000e+02,1.269035532994923798e+01,1.940262362235067073e+01
7.870000000000000000e+02,1.270648030495552838e+01,1.867618842389209988e+01
7.860000000000000000e+02,1.272264631043257133e+01,1.908629515414258293e+01
7.850000000000000000e+02,1.273885350318471232e+01,1.879013457418111699e+01
7.840000000000000000e+02,1.275510204081632537e+01,1.880497831406550802e+01
7.830000000000000000e+02,1.277139208173690932e+01,1.866302968015414265e+01
7.820000000000000000e+02,1.278772378516624109e+01,1.897873726589595478e+01
7.810000000000000000e+02,1.280409731113956440e+01,1.944024439306358332e+01
7.800000000000000000e+02,1.282051282051282115e+01,1.927419980732177152e+01
7.790000000000000000e+02,1.283697047496790589e+01,1.960923368015414070e+01
7.780000000000000000e+02,1.285347043701799308e+01,1.960157493256261674e+01
7.770000000000000000e+02,1.287001287001286975e+01,1.950303778420038725e+01
7.760000000000000000e+02,1.288659793814433030e+01,1.947781849710982627e+01
7.750000000000000000e+02,1.290322580645161210e+01,1.929323718689787981e+01
7.740000000000000000e+02,1.291989664082687383e+01,1.961745408477841934e+01
7.730000000000000000e+02,1.293661060802070040e+01,1.985231065510597048e+01
7.720000000000000000e+02,1.295336787564766823e+01,2.006766689788053881e+01
7.710000000000000000e+02,1.297016861219195860e+01,2.020934456647398747e+01
7.700000000000000000e+02,1.298701298701298690e+01,2.007425793834296712e+01
7.690000000000000000e+02,1.300390117035110649e+01,2.020694179190751072e+01
7.680000000000000000e+02,1.302083333333333215e+01,2.060808880539498844e+01
7.670000000000000000e+02,1.303780964797913988e+01,1.923750317919074959e+01
7.660000000000000000e+02,1.305483028720626670e+01,1.944683003853564074e+01
7.650000000000000000e+02,1.307189542483660105e+01,2.012902472061656667e+01
7.640000000000000000e+02,1.308900523560209450e+01,1.959728618497109665e+01
7.630000000000000000e+02,1.310615989515072144e+01,1.989409098265895892e+01
7.620000000000000000e+02,1.312335958005249381e+01,2.006092333333333144e+01
7.610000000000000000e+02,1.314060446780551850e+01,2.034373674373795637e+01
7.600000000000000000e+02,1.315789473684210442e+01,2.003374630057803074e+01
7.590000000000000000e+02,1.317523056653491409e+01,2.025982799614643426e+01
7.580000000000000000e+02,1.319261213720316661e+01,1.998465537572254291e+01
7.570000000000000000e+02,1.321003963011889049e+01,2.024276092485548872e+01
7.560000000000000000e+02,1.322751322751322611e+01,2.020387685934489141e+01
7.550000000000000000e+02,1.324503311258278160e+01,2.025778410404624097e+01
7.540000000000000000e+02,1.326259946949602053e+01,2.032677017341040226e+01
7.530000000000000000e+02,1.328021248339973326e+01,2.068385252408477726e+01
7.520000000000000000e+02,1.329787234042553123e+01,2.079556816955683729e+01
7.510000000000000000e+02,1.331557922769640534e+01,2.041625608863198238e+01
7.500000000000000000e+02,1.333333333333333215e+01,2.099848342967244719e+01
7.490000000000000000e+02,1.335113484646194948e+01,2.069591843930635733e+01
7.480000000000000000e+02,1.336898395721924970e+01,2.035544019267822335e+01
7.470000000000000000e+02,1.338688085676037431e+01,2.081617389210019198e+01
7.460000000000000000e+02,1.340482573726541560e+01,2.054955903660886207e+01
7.450000000000000000e+02,1.342281879194630712e+01,2.061391718689787922e+01
7.440000000000000000e+02,1.344086021505376394e+01,2.110087867052022759e+01
7.430000000000000000e+02,1.345895020188425306e+01,2.051209078998072854e+01
7.420000000000000000e+02,1.347708894878706332e+01,2.054618545279383213e+01
7.410000000000000000e+02,1.349527665317138947e+01,2.105034500963391153e+01
7.400000000000000000e+02,1.351351351351351404e+01,2.093931125240847635e+01
7.390000000000000000e+02,1.353179972936400688e+01,2.068600048169556871e+01
7.380000000000000000e+02,1.355013550135501355e+01,2.124871670520230893e+01
7.370000000000000000e+02,1.356852103120759701e+01,2.117244157996146470e+01
7.360000000000000000e+02,1.358695652173913082e+01,2.153546356454720367e+01
7.350000000000000000e+02,1.360544217687074742e+01,2.108819366088631853e+01
7.340000000000000000e+02,1.362397820163487694e+01,2.133691959537572203e+01
7.330000000000000000e+02,1.364256480218281098e+01,2.144636884393063525e+01
7.320000000000000000e+02,1.366120218579234979e+01,2.168742167630057693e+01
7.310000000000000000e+02,1.367989056087551347e+01,2.164104755298651028e+01
7.300000000000000000e+02,1.369863013698630105e+01,2.134039905587668429e+01
7.290000000000000000e+02,1.371742112482853138e+01,2.160020394990365844e+01
7.280000000000000000e+02,1.373626373626373720e+01,2.174111718689787764e+01
7.270000000000000000e+02,1.375515818431911974e+01,2.218412526011560360e+01
7.260000000000000000e+02,1.377410468319559200e+01,2.165072146435452538e+01
7.250000000000000000e+02,1.379310344827586121e+01,2.179747924855491092e+01
7.240000000000000000e+02,1.381215469613259650e+01,2.166167483622350787e+01
7.230000000000000000e+02,1.383125864453665343e+01,2.192198936416184551e+01
7.220000000000000000e+02,1.385041551246537317e+01,2.223319285163776371e+01
7.210000000000000000e+02,1.386962552011095795e+01,2.199915275529865255e+01
7.200000000000000000e+02,1.388888888888888928e+01,2.178590859344893715e+01
7.190000000000000000e+02,1.390820584144645267e+01,2.196863445086705013e+01
7.180000000000000000e+02,1.392757660167130851e+01,2.179983356454720322e+01
7.170000000000000000e+02,1.394700139470013944e+01,2.166147026974951473e+01
7.160000000000000000e+02,1.396648044692737400e+01,2.243661057803468140e+01
7.150000000000000000e+02,1.398601398601398671e+01,2.241248053949903252e+01
7.140000000000000000e+02,1.400560224089635852e+01,2.245341566473988237e+01
7.130000000000000000e+02,1.402524544179523147e+01,2.233241190751444805e+01
7.120000000000000000e+02,1.404494382022471832e+01,2.276958262042389336e+01
7.110000000000000000e+02,1.406469760900140642e+01,2.251325716763005502e+01
7.100000000000000000e+02,1.408450704225352190e+01,2.251248915221579949e+01
7.090000000000000000e+02,1.410437235543018275e+01,2.263818181117533612e+01
7.080000000000000000e+02,1.412429378531073354e+01,2.292125183044316117e+01
7.070000000000000000e+02,1.414427157001414415e+01,2.249911685934489469e+01
7.060000000000000000e+02,1.416430594900849904e+01,2.302501263969171319e+01
7.050000000000000000e+02,1.418439716312056831e+01,2.328646843930635768e+01
7.040000000000000000e+02,1.420454545454545503e+01,2.305803063583814705e+01
7.030000000000000000e+02,1.422475106685633151e+01,2.360367080924855188e+01
7.020000000000000000e+02,1.424501424501424651e+01,2.312970838150288699e+01
7.010000000000000000e+02,1.426533523537803205e+01,2.318682949903660884e+01
7.000000000000000000e+02,1.428571428571428648e+01,2.305346732177263647e+01
6.990000000000000000e+02,1.430615164520743932e+01,2.327641770712909519e+01
6.980000000000000000e+02,1.432664756446991383e+01,2.323718730250481812e+01
6.970000000000000000e+02,1.434720229555236770e+01,2.413318782273602991e+01
6.960000000000000000e+02,1.436781609195402254e+01,2.370361483622350462e+01
6.950000000000000000e+02,1.438848920863309466e+01,2.443176013487475728e+01
6.940000000000000000e+02,1.440922190201728981e+01,2.490389044315991995e+01
6.930000000000000000e+02,1.443001443001442929e+01,2.534569803468207994e+01
6.920000000000000000e+02,1.445086705202312061e+01,2.520695250481695382e+01
6.910000000000000000e+02,1.447178002894355942e+01,2.505846666666666422e+01
6.900000000000000000e+02,1.449275362318840621e+01,2.603961589595375514e+01
6.890000000000000000e+02,1.451378809869375885e+01,2.590178373795760791e+01
6.880000000000000000e+02,1.453488372093023173e+01,2.655600464354527901e+01
6.870000000000000000e+02,1.455604075691412014e+01,2.747783275529864966e+01
6.860000000000000000e+02,1.457725947521865884e+01,2.748381188824662757e+01
6.850000000000000000e+02,1.459854014598540140e+01,2.833613175337186618e+01
6.840000000000000000e+02,1.461988304093567237e+01,2.903584032755298594e+01
6.830000000000000000e+02,1.464128843338213848e+01,2.984658263969171088e+01
6.820000000000000000e+02,1.466275659824046862e+01,3.068470657032755255e+01
6.810000000000000000e+02,1.468428781204111466e+01,3.127961173410404783e+01
6.800000000000000000e+02,1.470588235294117574e+01,3.139207745664739591e+01
6.790000000000000000e+02,1.472754050073637622e+01,3.125175460500963354e+01
6.780000000000000000e+02,1.474926253687315558e+01,3.149041722543352506e+01
6.770000000000000000e+02,1.477104874446085780e+01,3.182608096339113501e+01
6.760000000000000000e+02,1.479289940828402372e+01,3.188006895953757436e+01
6.750000000000000000e+02,1.481481481481481488e+01,3.146131473988438998e+01
6.740000000000000000e+02,1.483679525222551909e+01,3.187545720616569866e+01
6.730000000000000000e+02,1.485884101040118743e+01,3.123746714836223148e+01
6.720000000000000000e+02,1.488095238095237960e+01,3.135339616570326982e+01
6.710000000000000000e+02,1.490312965722801763e+01,3.017962107899807123e+01
6.700000000000000000e+02,1.492537313432835866e+01,2.960342670520231323e+01
6.690000000000000000e+02,1.494768310911808662e+01,2.909445082851637565e+01
6.680000000000000000e+02,1.497005988023952128e+01,2.815794408477841770e+01
6.670000000000000000e+02,1.499250374812593734e+01,2.785752346820808967e+01
6.660000000000000000e+02,1.501501501501501501e+01,2.745216664739884393e+01
6.650000000000000000e+02,1.503759398496240607e+01,2.783251593448940042e+01
6.640000000000000000e+02,1.506024096385542244e+01,2.713592431599229116e+01
6.630000000000000000e+02,1.508295625942684914e+01,2.660836687861271699e+01
6.620000000000000000e+02,1.510574018126888163e+01,2.687078988439306215e+01
6.610000000000000000e+02,1.512859304084720158e+01,2.719363044315992184e+01
6.600000000000000000e+02,1.515151515151515227e+01,2.653865406551059536e+01
6.590000000000000000e+02,1.517450682852807375e+01,2.608685134874759015e+01
6.580000000000000000e+02,1.519756838905774998e+01,2.601008273603082444e+01
6.570000000000000000e+02,1.522070015220700157e+01,2.617803662813102150e+01
6.560000000000000000e+02,1.524390243902439046e+01,2.668107104046242739e+01
6.550000000000000000e+02,1.526717557251908453e+01,2.618668231213872488e+01
6.540000000000000000e+02,1.529051987767584109e+01,2.624457863198458440e+01
6.530000000000000000e+02,1.531393568147013795e+01,2.681259210019267769e+01
6.520000000000000000e+02,1.533742331288343586e+01,2.668889666666666471e+01
6.510000000000000000e+02,1.536098310291858660e+01,2.678895371868978614e+01
6.500000000000000000e+02,1.538461538461538503e+01,2.661361745664739686e+01
6.490000000000000000e+02,1.540832049306625606e+01,2.705725716763005551e+01
6.480000000000000000e+02,1.543209876543209802e+01,2.684761448940269446e+01
6.470000000000000000e+02,1.545595054095826804e+01,2.686769982658959321e+01
6.460000000000000000e+02,1.547987616099071317e+01,2.679956254335260013e+01
6.450000000000000000e+02,1.550387596899224718e+01,2.745180597302504566e+01
6.440000000000000000e+02,1.552795031055900488e+01,2.699307129094411906e+01
6.430000000000000000e+02,1.555209953343701379e+01,2.692672666666666714e+01
6.420000000000000000e+02,1.557632398753893987e+01,2.701625026974951638e+01
6.410000000000000000e+02,1.560062402496099843e+01,2.710650780346820454e+01
6.400000000000000000e+02,1.562500000000000000e+01,2.764206134874758902e+01
6.390000000000000000e+02,1.564945226917057930e+01,2.694877156069363977e+01
6.380000000000000000e+02,1.567398119122256972e+01,2.678900576107899667e+01
6.370000000000000000e+02,1.569858712715855731e+01,2.742835603082851392e+01
6.360000000000000000e+02,1.572327044025157328e+01,2.744520776493255809e+01
6.350000000000000000e+02,1.574803149606299257e+01,2.726066591522157978e+01
6.340000000000000000e+02,1.577287066246056746e+01,2.741794458574180737e+01
6.330000000000000000e+02,1.579778830963665115e+01,2.749113146435452393e+01
6.320000000000000000e+02,1.582278481012658133e+01,2.776997017341040319e+01
6.310000000000000000e+02,1.584786053882725909e+01,2.776223786127167514e+01
6.300000000000000000e+02,1.587301587301587347e+01,2.762932789980731840e+01
6.290000000000000000e+02,1.589825119236884099e+01,2.818450921001926801e+01
6.280000000000000000e+02,1.592356687898089262e+01,2.784473616570327081e+01
6.270000000000000000e+02,1.594896331738437034e+01,2.827122807321772413e+01
6.260000000000000000e+02,1.597444089456868888e+01,2.832545294797687774e+01
6.250000000000000000e+02,1.600000000000000000e+01,2.802631356454720191e+01
6.240000000000000000e+02,1.602564102564102555e+01,2.876385643545279081e+01
6.230000000000000000e+02,1.605136436597110716e+01,2.829955177263969190e+01
6.220000000000000000e+02,1.607717041800643187e+01,2.839541697495182859e+01
6.210000000000000000e+02,1.610305958132045134e+01,2.887892772639691330e+01
6.200000000000000000e+02,1.612903225806451601e+01,2.896654560693641400e+01
6.190000000000000000e+02,1.615508885298869401e+01,2.873980177263969082e+01
6.180000000000000000e+02,1.618122977346278546e+01,2.871894840077071009e+01
6.170000000000000000e+02,1.620745542949756768e+01,2.912058169556840070e+01
6.160000000000000000e+02,1.623376623376623584e+01,2.943958928709055911e+01
6.150000000000000000e+02,1.626016260162601768e+01,2.999793780346820427e+01
6.140000000000000000e+02,1.628664495114006527e+01,2.928089658959537545e+01
6.130000000000000000e+02,1.631321370309951035e+01,2.892012842003853379e+01
6.120000000000000000e+02,1.633986928104575043e+01,2.962177142581888134e+01
6.110000000000000000e+02,1.636661211129296234e+01,2.972667529865124791e+01
6.100000000000000000e+02,1.639344262295081833e+01,3.001975479768785959e+01
6.090000000000000000e+02,1.642036124794745433e+01,3.005459955684007411e+01
6.080000000000000000e+02,1.644736842105263008e+01,3.025677190751445167e+01
6.070000000000000000e+02,1.647446457990115221e+01,3.051372364161849404e+01
6.060000000000000000e+02,1.650165016501650328e+01,3.043928961464354188e+01
6.050000000000000000e+02,1.652892561983470898e+01,3.057973090558766671e+01
6.040000000000000000e+02,1.655629139072847522e+01,3.085950092485548879e+01
6.030000000000000000e+02,1.658374792703151002e+01,3.061863470134874277e+01
6.020000000000000000e+02,1.661129568106312249e+01,3.062096391136801188e+01
6.010000000000000000e+02,1.663893510815307764e+01,3.048180743737957243e+01
6.000000000000000000e+02,1.666666666666666785e+01,3.064233227360307765e+01
5.990000000000000000e+02,1.669449081803005086e+01,3.157862190751445297e+01
5.980000000000000000e+02,1.672240802675585414e+01,2.992447996146434974e+01
5.970000000000000000e+02,1.675041876046901024e+01,3.047275620423891951e+01
5.960000000000000000e+02,1.677852348993288700e+01,3.064543668593448444e+01
5.950000000000000000e+02,1.680672268907563094e+01,3.102439346820808908e+01
5.940000000000000000e+02,1.683501683501683388e+01,3.044994508670520261e+01
5.930000000000000000e+02,1.686340640809443414e+01,3.083409142581887963e+01
5.920000000000000000e+02,1.689189189189189122e+01,3.078358466281309802e+01
5.910000000000000000e+02,1.692047377326565183e+01,3.106999418111753286e+01
5.900000000000000000e+02,1.694915254237288238e+01,3.088330616570327081e+01
5.890000000000000000e+02,1.697792869269948923e+01,3.115297699421964950e+01
5.880000000000000000e+02,1.700680272108843383e+01,3.136965394990366107e+01
5.870000000000000000e+02,1.703577512776831426e+01,3.176945510597302302e+01
5.860000000000000000e+02,1.706484641638225241e+01,3.161176909441232752e+01
5.850000000000000000e+02,1.709401709401709368e+01,3.200287433526010972e+01
5.840000000000000000e+02,1.712328767123287676e+01,3.187551104046242401e+01
5.830000000000000000e+02,1.715265866209262313e+01,3.188794302504816613e+01
5.820000000000000000e+02,1.718213058419243922e+01,3.197256238921001525e+01
5.810000000000000000e+02,1.721170395869190983e+01,3.184706531791907125e+01
5.800000000000000000e+02,1.724137931034482563e+01,3.239183341040462238e+01
5.790000000000000000e+02,1.727115716753022312e+01,3.255127080924855676e+01
5.780000000000000000e+02,1.730103806228373742e+01,3.281152073217725729e+01
5.770000000000000000e+02,1.733102253032928886e+01,3.273314608863198316e+01
5.760000000000000000e+02,1.736111111111111072e+01,3.293212969171483451e+01
5.750000000000000000e+02,1.739130434782608603e+01,3.293949772639691531e+01
5.740000000000000000e+02,1.742160278745644675e+01,3.343514078998073558e+01
5.730000000000000000e+02,1.745200698080279267e+01,3.299687724470134498e+01
5.720000000000000000e+02,1.748251748251748339e+01,3.377630990366088071e+01
5.710000000000000000e+02,1.751313485113835355e+01,3.296574703275529572e+01
5.700000000000000000e+02,1.754385964912280826e+01,3.391466605009633639e+01
5.690000000000000000e+02,1.757469244288224886e+01,3.543387387283236478e+01
5.680000000000000000e+02,1.760563380281690016e+01,3.574389842003852635e+01
5.670000000000000000e+02,1.763668430335096815e+01,3.522342368015413427e+01
5.660000000000000000e+02,1.766784452296819907e+01,3.540431919075143696e+01
5.650000000000000000e+02,1.769911504424778670e+01,3.549007263969171788e+01
5.640000000000000000e+02,1.773049645390070950e+01,3.579033175337186634e+01
5.630000000000000000e+02,1.776198934280639463e+01,3.625448928709055707e+01
5.620000000000000000e+02,1.779359430604982251e+01,3.691174822736030592e+01
5.610000000000000000e+02,1.782531194295900079e+01,3.706136277456647576e+01
5.600000000000000000e+02,1.785714285714285765e+01,3.787574784200384670e+01
5.590000000000000000e+02,1.788908765652951871e+01,3.895721971098265612e+01
5.580000000000000000e+02,1.792114695340501740e+01,3.980028375722542933e+01
5.570000000000000000e+02,1.795332136445242455e+01,4.047384352601156365e+01
5.560000000000000000e+02,1.798561151079136877e+01,4.173382069364161850e+01
5.550000000000000000e+02,1.801801801801801872e+01,4.323227385356454278e+01
5.540000000000000000e+02,1.805054151624548808e+01,4.408049876685934265e+01
5.530000000000000000e+02,1.808318264014466337e+01,4.666347078998072817e+01
5.520000000000000000e+02,1.811594202898550776e+01,4.846030246628130556e+01
5.510000000000000000e+02,1.814882032667876643e+01,5.183710944123313880e+01
5.500000000000000000e+02,1.818181818181818343e+01,5.469822211946050317e+01
5.490000000000000000e+02,1.821493624772313424e+01,5.824224726396916907e+01
5.480000000000000000e+02,1.824817518248175219e+01,6.240402458574180145e+01
5.470000000000000000e+02,1.828153564899451666e+01,6.539226726396917400e+01
5.460000000000000000e+02,1.831501831501831390e+01,6.921007971098265443e+01
5.450000000000000000e+02,1.834862385321100930e+01,7.262386684007707061e+01
5.440000000000000000e+02,1.838235294117647101e+01,7.462116077071290476e+01
5.430000000000000000e+02,1.841620626151012985e+01,7.563404495183044673e+01
5.420000000000000000e+02,1.845018450184501901e+01,7.533551926782273256e+01
5.410000000000000000e+02,1.848428835489833588e+01,7.414362017341039746e+01
5.400000000000000000e+02,1.851851851851851904e+01,7.201998938342966028e+01
5.390000000000000000e+02,1.855287569573284046e+01,6.950041549132947694e+01
5.380000000000000000e+02,1.858736059479553759e+01,6.750631568400770277e+01
5.370000000000000000e+02,1.862197392923649986e+01,6.594469408477841910e+01
5.360000000000000000e+02,1.865671641791044877e+01,6.425095747591521445e+01
5.350000000000000000e+02,1.869158878504672927e+01,6.391086502890173193e+01
5.340000000000000000e+02,1.872659176029962680e+01,6.245824585741810608e+01
5.330000000000000000e+02,1.876172607879924925e+01,6.175592454720615621e+01
5.320000000000000000e+02,1.879699248120300581e+01,6.050668901734103855e+01
5.310000000000000000e+02,1.883239171374764354e+01,5.896191375722543171e+01
5.300000000000000000e+02,1.886792452830188793e+01,5.823054023121386535e+01
5.290000000000000000e+02,1.890359168241965904e+01,5.750936637764932158e+01
5.280000000000000000e+02,1.893939393939394122e+01,5.632694558766858961e+01
5.270000000000000000e+02,1.897533206831119656e+01,5.564791992292870049e+01
5.260000000000000000e+02,1.901140684410646386e+01,5.569787038535644541e+01
5.250000000000000000e+02,1.904761904761904745e+01,5.561156423892099809e+01
5.240000000000000000e+02,1.908396946564885255e+01,5.524709949903660799e+01
5.230000000000000000e+02,1.912045889101338503e+01,5.559754595375721919e+01
5.220000000000000000e+02,1.915708812260536220e+01,5.593688832369942077e+01
5.210000000000000000e+02,1.919385796545105549e+01,5.581782258188824386e+01
5.200000000000000000e+02,1.923076923076923350e+01,5.670394281310211682e+01
5.190000000000000000e+02,1.926782273603082984e+01,5.697341624277456162e+01
5.180000000000000000e+02,1.930501930501930374e+01,5.770823514450867009e+01
5.170000000000000000e+02,1.934235976789168276e+01,5.878168579961463536e+01
5.160000000000000000e+02,1.937984496124030898e+01,5.946213267822735560e+01
5.150000000000000000e+02,1.941747572815533829e+01,6.143509021194604003e+01
5.140000000000000000e+02,1.945525291828793968e+01,6.192030389210018626e+01
5.130000000000000000e+02,1.949317738791422983e+01,6.301024917148361482e+01
5.120000000000000000e+02,1.953125000000000000e+01,6.481405770712909487e+01
5.110000000000000000e+02,1.956947162426614284e+01,6.569853780346819860e+01
5.100000000000000000e+02,1.960784313725490335e+01,6.844079649325625780e+01
5.090000000000000000e+02,1.964636542239685468e+01,6.920336843930634529e+01
5.080000000000000000e+02,1.968503937007874072e+01,7.059019568400771050e+01
5.070000000000000000e+02,1.972386587771203281e+01,7.169921963391136899e+01
5.060000000000000000e+02,1.976284584980237113e+01,7.289541105973025026e+01
5.050000000000000000e+02,1.980198019801980180e+01,7.431171044315992447e+01
5.040000000000000000e+02,1.984126984126984183e+01,7.407288990366087944e+01
5.030000000000000000e+02,1.988071570576540381e+01,7.412084495183043487e+01
5.020000000000000000e+02,1.992031872509960166e+01,7.357099497109825847e+01
5.010000000000000000e+02,1.996007984031935933e+01,7.285683026974950849e+01
5.000000000000000000e+02,2.000000000000000000e+01,7.217459969171483181e+01
4.990000000000000000e+02,2.004008016032063821e+01,7.066704146435451150e+01
4.980000000000000000e+02,2.008032128514055970e+01,6.940796512524083539e+01
4.970000000000000000e+02,2.012072434607646088e+01,6.764868780346820643e+01
4.960000000000000000e+02,2.016129032258064413e+01,6.734413275529864507e+01
4.950000000000000000e+02,2.020202020202020066e+01,6.663839481695568168e+01
4.940000000000000000e+02,2.024291497975708509e+01,6.684965969171483380e+01
4.930000000000000000e+02,2.028397565922920975e+01,6.691978703275529483e+01
4.920000000000000000e+02,2.032520325203252298e+01,6.718046402697494557e+01
4.910000000000000000e+02,2.036659877800407159e+01,6.837708612716762957e+01
4.900000000000000000e+02,2.040816326530612557e+01,7.046718215799614882e+01
4.890000000000000000e+02,2.044989775051124781e+01,7.297432404624275648e+01
4.880000000000000000e+02,2.049180327868852558e+01,7.765648998073217513e+01
4.870000000000000000e+02,2.053388090349076123e+01,8.348694971098264261e+01
4.860000000000000000e+02,2.057613168724279973e+01,9.021746543352601577e+01
4.850000000000000000e+02,2.061855670103092919e+01,9.557191346820808064e+01
4.840000000000000000e+02,2.066115702479338978e+01,9.820303073217725398e+01
4.830000000000000000e+02,2.070393374741200887e+01,9.433143487475913957e+01
4.820000000000000000e+02,2.074688796680498015e+01,8.820951961464353985e+01
4.810000000000000000e+02,2.079002079002079029e+01,8.511845460500963156e+01
4.800000000000000000e+02,2.083333333333333215e+01,8.599101233140653733e+01
4.790000000000000000e+02,2.087682672233820114e+01,9.197133067437378884e+01
4.780000000000000000e+02,2.092050209205020650e+01,1.008012663969171427e+02
4.770000000000000000e+02,2.096436058700209770e+01,1.092305144894026796e+02
4.760000000000000000e+02,2.100840336134453779e+01,1.151973169942196478e+02
4.750000000000000000e+02,2.105263157894736636e+01,1.198115448169556743e+02
4.740000000000000000e+02,2.109704641350210963e+01,1.267754761657032816e+02
4.730000000000000000e+02,2.114164904862579419e+01,1.386818915606936287e+02
4.720000000000000000e+02,2.118644067796610031e+01,1.586147930443159737e+02
4.710000000000000000e+02,2.123142250530785446e+01,1.884742365317918882e+02
4.700000000000000000e+02,2.127659574468085069e+01,2.326053030828516057e+02
4.690000000000000000e+02,2.132196162046908228e+01,2.977423986512523584e+02
4.680000000000000000e+02,2.136752136752136977e+01,3.857299369942196563e+02
4.670000000000000000e+02,2.141327623126338509e+01,5.022443558766859155e+02
4.660000000000000000e+02,2.145922746781115720e+01,6.359236778420037126e+02
4.650000000000000000e+02,2.150537634408602017e+01,7.725678427745664294e+02
4.640000000000000000e+02,2.155172413793103559e+01,9.012617358381502299e+02
4.630000000000000000e+02,2.159827213822894265e+01,1.040782198073217614e+03
4.620000000000000000e+02,2.164502164502164661e+01,1.237209132562620425e+03
4.610000000000000000e+02,2.169197396963123836e+01,1.510421320231213713e+03
4.600000000000000000e+02,2.173913043478260931e+01,1.835622309633911300e+03
4.590000000000000000e+02,2.178649237472767197e+01,2.159127610789980281e+03
4.580000000000000000e+02,2.183406113537117932e+01,2.450083032755298518e+03
4.570000000000000000e+02,2.188183807439824946e+01,2.703602603082851601e+03
4.560000000000000000e+02,2.192982456140350678e+01,2.847089703275529700e+03
4.550000000000000000e+02,2.197802197802197810e+01,2.802004244701348398e+03
4.540000000000000000e+02,2.202643171806167643e+01,2.591985728323699277e+03
4.530000000000000000e+02,2.207505518763796815e+01,2.316372703275529602e+03
4.520000000000000000e+02,2.212389380530973426e+01,2.047227986512524012e+03
4.510000000000000000e+02,2.217294900221729392e+01,1.818580089980732055e+03
4.500000000000000000e+02,2.222222222222222143e+01,1.638281781695568270e+03
4.490000000000000000e+02,2.227171492204899650e+01,1.480919892100192556e+03
4.480000000000000000e+02,2.232142857142856940e+01,1.321565438728323670e+03
4.470000000000000000e+02,2.237136465324384815e+01,1.151136465317918919e+03
4.460000000000000000e+02,2.242152466367712904e+01,9.808411716763005188e+02
4.450000000000000000e+02,2.247191011235955216e+01,8.336668529865124810e+02
4.440000000000000000e+02,2.252252252252252163e+01,7.267689658959536700e+02
4.430000000000000000e+02,2.257336343115123967e+01,6.592901341040461602e+02
4.420000000000000000e+02,2.262443438914027283e+01,6.233469254335259393e+02
4.410000000000000000e+02,2.267573696145124629e+01,6.087744512524084257e+02
4.400000000000000000e+02,2.272727272727272663e+01,6.109798803468207780e+02
4.390000000000000000e+02,2.277904328018223268e+01,6.324763701348747418e+02
4.380000000000000000e+02,2.283105022831050235e+01,6.809773242774565460e+02
4.370000000000000000e+02,2.288329519450800831e+01,7.581829105973024525e+02
4.360000000000000000e+02,2.293577981651376163e+01,8.592859973025047111e+02
4.350000000000000000e+02,2.298850574712643535e+01,9.824246570327552490e+02
4.340000000000000000e+02,2.304147465437787901e+01,1.123171321194604843e+03
4.330000000000000000e+02,2.309468822170900637e+01,1.274885929094412177e+03
4.320000000000000000e+02,2.314814814814814525e+01,1.417452544894026914e+03
4.310000000000000000e+02,2.320185614849187772e+01,1.531615767244701374e+03
4.300000000000000000e+02,2.325581395348837077e+01,1.612413365895953575e+03
4.290000000000000000e+02,2.331002331002331118e+01,1.655899031406551103e+03
4.280000000000000000e+02,2.336448598130840892e+01,1.652116261078997923e+03
4.270000000000000000e+02,2.341920374707260066e+01,1.599643960886319746e+03
4.260000000000000000e+02,2.347417840375586806e+01,1.512144227552986194e+03
4.250000000000000000e+02,2.352941176470588047e+01,1.401884822350674085e+03
4.240000000000000000e+02,2.358490566037735903e+01,1.273899983429672375e+03
4.230000000000000000e+02,2.364066193853427933e+01,1.133660705009633830e+03
4.220000000000000000e+02,2.369668246445497672e+01,9.916145678227359213e+02
4.210000000000000000e+02,2.375296912114014347e+01,8.593287196531791778e+02
4.200000000000000000e+02,2.380952380952381020e+01,7.440586196531791074e+02
4.190000000000000000e+02,2.386634844868735073e+01,6.479888522157996249e+02
4.180000000000000000e+02,2.392344497607655285e+01,5.727915061657032538e+02
4.170000000000000000e+02,2.398081534772182266e+01,5.139641335260114374e+02
4.160000000000000000e+02,2.403846153846154010e+01,4.701735541425818496e+02
4.150000000000000000e+02,2.409638554216867590e+01,4.430035117533718108e+02
4.140000000000000000e+02,2.415458937198067346e+01,4.337864115606936366e+02
4.130000000000000000e+02,2.421307506053268810e+01,4.415653344894026304e+02
4.120000000000000000e+02,2.427184466019417286e+01,4.634839664739884029e+02
4.110000000000000000e+02,2.433090024330900292e+01,4.965158211946049960e+02
4.100000000000000000e+02,2.439024390243902474e+01,5.367441329479768228e+02
4.090000000000000000e+02,2.444987775061124680e+01,5.804612113680153698e+02
4.080000000000000000e+02,2.450980392156862564e+01,6.249838710982659222e+02
4.070000000000000000e+02,2.457002457002456808e+01,6.640915811175336785e+02
4.060000000000000000e+02,2.463054187192118150e+01,6.919207485549133025e+02
4.050000000000000000e+02,2.469135802469135754e+01,7.069634564547205855e+02
4.040000000000000000e+02,2.475247524752475314e+01,7.071532381502889848e+02
4.030000000000000000e+02,2.481389578163771858e+01,6.900696739884392628e+02
4.020000000000000000e+02,2.487562189054726147e+01,6.598784285163776531e+02
4.010000000000000000e+02,2.493765586034912829e+01,6.206552992292870385e+02
4.000000000000000000e+02,2.500000000000000000e+01,5.697703890173410173e+02
3.990000000000000000e+02,2.506265664160400775e+01,5.154369653179190891e+02
3.980000000000000000e+02,2.512562814070351891e+01,4.610139626204238539e+02
3.970000000000000000e+02,2.518891687657430722e+01,4.097886512524084424e+02
3.960000000000000000e+02,2.525252525252525615e+01,3.659500953757225261e+02
3.950000000000000000e+02,2.531645569620253156e+01,3.304045381502889427e+02
3.940000000000000000e+02,2.538071065989847597e+01,3.022958949903660368e+02
3.930000000000000000e+02,2.544529262086514265e+01,2.825550433526011602e+02
3.920000000000000000e+02,2.551020408163265074e+01,2.719525944123313934e+02
3.910000000000000000e+02,2.557544757033248217e+01,2.693634674373795406e+02
3.900000000000000000e+02,2.564102564102564230e+01,2.745435876685934318e+02
3.890000000000000000e+02,2.570694087403598616e+01,2.866344587668593249e+02
3.880000000000000000e+02,2.577319587628866060e+01,3.030795410404624022e+02
3.870000000000000000e+02,2.583979328165374767e+01,3.221114533718689472e+02
3.860000000000000000e+02,2.590673575129533646e+01,3.422273032755298345e+02
3.850000000000000000e+02,2.597402597402597380e+01,3.629070140655105661e+02
3.840000000000000000e+02,2.604166666666666430e+01,3.794787132947976716e+02
3.830000000000000000e+02,2.610966057441253341e+01,3.942940851637764581e+02
3.820000000000000000e+02,2.617801047120418900e+01,4.033911722543352312e+02
3.810000000000000000e+02,2.624671916010498762e+01,4.064510495183043872e+02
3.800000000000000000e+02,2.631578947368420884e+01,4.028385371868978382e+02
3.790000000000000000e+02,2.638522427440633322e+01,3.951224921001926873e+02
3.780000000000000000e+02,2.645502645502645223e+01,3.857367416184970921e+02
3.770000000000000000e+02,2.652519893899204106e+01,3.784842113680153943e+02
3.760000000000000000e+02,2.659574468085106247e+01,3.752551670520231255e+02
3.750000000000000000e+02,2.666666666666666430e+01,3.768984579961463623e+02
3.740000000000000000e+02,2.673796791443849941e+01,3.857697882466280817e+02
3.730000000000000000e+02,2.680965147453083119e+01,4.037573847784200325e+02
3.720000000000000000e+02,2.688172043010752787e+01,4.331061549132947448e+02
3.710000000000000000e+02,2.695417789757412663e+01,4.713163210019267808e+02
